P,e-puck(1),0.161850,-0.511983,148.698345,0.000000
P,e-puck(1),0.161837,-0.511992,148.698365,0.000000
P,e-puck(1),0.161621,-0.511872,148.698615,0.000000
P,e-puck(1),0.160974,-0.511486,148.698595,0.000000
P,e-puck(1),0.159859,-0.510813,148.698633,0.000000
P,e-puck(1),0.158738,-0.510134,148.698643,0.000000
P,e-puck(1),0.157611,-0.509450,148.698642,0.000000
P,e-puck(1),0.156480,-0.508763,148.698643,0.000000
P,e-puck(1),0.155347,-0.508075,148.698658,0.000000
P,e-puck(1),0.154214,-0.507387,148.698689,0.000000
P,e-puck(1),0.153084,-0.506700,148.698737,0.000000
P,e-puck(1),0.151959,-0.506016,148.698796,0.000000
P,e-puck(1),0.150839,-0.505336,148.698855,0.000000
P,e-puck(1),0.149750,-0.504673,148.698865,0.000000
P,e-puck(1),0.148668,-0.504016,148.698861,0.000000
P,e-puck(1),0.147593,-0.503362,148.698848,0.000000
P,e-puck(1),0.146523,-0.502712,148.698834,0.000000
P,e-puck(1),0.145458,-0.502064,148.698825,0.000000
P,e-puck(1),0.144394,-0.501417,148.698826,0.000000
P,e-puck(1),0.143331,-0.500771,148.698838,0.000000
P,e-puck(1),0.142267,-0.500123,148.698862,0.000000
P,e-puck(1),0.141199,-0.499474,148.698893,0.000000
P,e-puck(1),0.140127,-0.498822,148.698924,0.000000
P,e-puck(1),0.139049,-0.498166,148.698949,0.000000
P,e-puck(1),0.137951,-0.497499,148.698940,0.000000
P,e-puck(1),0.136846,-0.496827,148.698918,0.000000
P,e-puck(1),0.135735,-0.496152,148.698888,0.000000
P,e-puck(1),0.134619,-0.495473,148.698855,0.000000
P,e-puck(1),0.133499,-0.494792,148.698826,0.000000
P,e-puck(1),0.132377,-0.494110,148.698805,0.000000
P,e-puck(1),0.131254,-0.493427,148.698793,0.000000
P,e-puck(1),0.130133,-0.492745,148.698792,0.000000
P,e-puck(1),0.129014,-0.492065,148.698798,0.000000
P,e-puck(1),0.127900,-0.491387,148.698805,0.000000
P,e-puck(1),0.126791,-0.490713,148.698808,0.000000
P,e-puck(1),0.125689,-0.490043,148.698801,0.000000
P,e-puck(1),0.124598,-0.489380,148.698775,0.000000
P,e-puck(1),0.123514,-0.488721,148.698736,0.000000
P,e-puck(1),0.122437,-0.488065,148.698690,0.000000
P,e-puck(1),0.121365,-0.487414,148.698641,0.000000
P,e-puck(1),0.120297,-0.486765,148.698595,0.000000
P,e-puck(1),0.119233,-0.486117,148.698558,0.000000
P,e-puck(1),0.118170,-0.485471,148.698533,0.000000
P,e-puck(1),0.117106,-0.484824,148.698521,0.000000
P,e-puck(1),0.116040,-0.484176,148.698519,0.000000
P,e-puck(1),0.114970,-0.483525,148.698523,0.000000
P,e-puck(1),0.113895,-0.482872,148.698525,0.000000
P,e-puck(1),0.112797,-0.482204,148.698486,0.000000
P,e-puck(1),0.111693,-0.481533,148.698440,0.000000
P,e-puck(1),0.110583,-0.480858,148.698387,0.000000
P,e-puck(1),0.109470,-0.480181,148.698334,0.000000
P,e-puck(1),0.108353,-0.479502,148.698284,0.000000
P,e-puck(1),0.107234,-0.478822,148.698241,0.000000
P,e-puck(1),0.106116,-0.478141,148.698209,0.000000
P,e-puck(1),0.104998,-0.477462,148.698186,0.000000
P,e-puck(1),0.103883,-0.476784,148.698172,0.000000
P,e-puck(1),0.102772,-0.476108,148.698162,0.000000
P,e-puck(1),0.101665,-0.475435,148.698151,0.000000
P,e-puck(1),0.100564,-0.474766,148.698137,0.000000
P,e-puck(1),0.099469,-0.474100,148.698118,0.000000
P,e-puck(1),0.098380,-0.473438,148.698092,0.000000
P,e-puck(1),0.097297,-0.472779,148.698062,0.000000
P,e-puck(1),0.096218,-0.472123,148.698030,0.000000
P,e-puck(1),0.095143,-0.471470,148.698001,0.000000
P,e-puck(1),0.094071,-0.470818,148.697979,0.000000
P,e-puck(1),0.093001,-0.470167,148.697964,0.000000
P,e-puck(1),0.091930,-0.469516,148.697960,0.000000
P,e-puck(1),0.090858,-0.468864,148.697964,0.000000
P,e-puck(1),0.089784,-0.468211,148.697974,0.000000
P,e-puck(1),0.088705,-0.467555,148.697985,0.000000
P,e-puck(1),0.087621,-0.466896,148.697995,0.000000
P,e-puck(1),0.086532,-0.466234,148.698000,0.000000
P,e-puck(1),0.085437,-0.465568,148.697998,0.000000
P,e-puck(1),0.084337,-0.464899,148.697989,0.000000
P,e-puck(1),0.083231,-0.464226,148.697977,0.000000
P,e-puck(1),0.082120,-0.463551,148.697965,0.000000
P,e-puck(1),0.081005,-0.462873,148.697956,0.000000
P,e-puck(1),0.079888,-0.462194,148.697955,0.000000
P,e-puck(1),0.078770,-0.461514,148.697964,0.000000
P,e-puck(1),0.077653,-0.460835,148.697983,0.000000
P,e-puck(1),0.076537,-0.460156,148.698011,0.000000
P,e-puck(1),0.075424,-0.459480,148.698044,0.000000
P,e-puck(1),0.074316,-0.458806,148.698078,0.000000
P,e-puck(1),0.073213,-0.458135,148.698110,0.000000
P,e-puck(1),0.072115,-0.457468,148.698135,0.000000
P,e-puck(1),0.071024,-0.456804,148.698153,0.000000
P,e-puck(1),0.069939,-0.456145,148.698164,0.000000
P,e-puck(1),0.068859,-0.455488,148.698171,0.000000
P,e-puck(1),0.067785,-0.454835,148.698178,0.000000
P,e-puck(1),0.066714,-0.454183,148.698190,0.000000
P,e-puck(1),0.065645,-0.453534,148.698209,0.000000
P,e-puck(1),0.064578,-0.452885,148.698239,0.000000
P,e-puck(1),0.063510,-0.452235,148.698279,0.000000
P,e-puck(1),0.062440,-0.451585,148.698328,0.000000
P,e-puck(1),0.061367,-0.450932,148.698381,0.000000
P,e-puck(1),0.060290,-0.450277,148.698433,0.000000
P,e-puck(1),0.059207,-0.449619,148.698480,0.000000
P,e-puck(1),0.058110,-0.448952,148.698505,0.000000
P,e-puck(1),0.057008,-0.448282,148.698520,0.000000
P,e-puck(1),0.055900,-0.447608,148.698529,0.000000
P,e-puck(1),0.054788,-0.446932,148.698537,0.000000
P,e-puck(1),0.053672,-0.446254,148.698547,0.000000
P,e-puck(1),0.052555,-0.445574,148.698562,0.000000
P,e-puck(1),0.051437,-0.444895,148.698584,0.000000
P,e-puck(1),0.050320,-0.444215,148.698613,0.000000
P,e-puck(1),0.049205,-0.443537,148.698648,0.000000
P,e-puck(1),0.048093,-0.442861,148.698685,0.000000
P,e-puck(1),0.046986,-0.442188,148.698721,0.000000
P,e-puck(1),0.045884,-0.441518,148.698752,0.000000
P,e-puck(1),0.044788,-0.440851,148.698776,0.000000
P,e-puck(1),0.043697,-0.440188,148.698791,0.000000
P,e-puck(1),0.042612,-0.439528,148.698799,0.000000
P,e-puck(1),0.041531,-0.438871,148.698802,0.000000
P,e-puck(1),0.040455,-0.438217,148.698803,0.000000
P,e-puck(1),0.039381,-0.437564,148.698806,0.000000
P,e-puck(1),0.038309,-0.436912,148.698814,0.000000
P,e-puck(1),0.037238,-0.436261,148.698827,0.000000
P,e-puck(1),0.036165,-0.435609,148.698844,0.000000
P,e-puck(1),0.035091,-0.434955,148.698865,0.000000
P,e-puck(1),0.034012,-0.434299,148.698885,0.000000
P,e-puck(1),0.032930,-0.433641,148.698900,0.000000
P,e-puck(1),0.031842,-0.432979,148.698908,0.000000
P,e-puck(1),0.030748,-0.432315,148.698907,0.000000
P,e-puck(1),0.029649,-0.431646,148.698897,0.000000
P,e-puck(1),0.028545,-0.430975,148.698878,0.000000
P,e-puck(1),0.027436,-0.430301,148.698855,0.000000
P,e-puck(1),0.026324,-0.429624,148.698831,0.000000
P,e-puck(1),0.025209,-0.428946,148.698809,0.000000
P,e-puck(1),0.024092,-0.428267,148.698793,0.000000
P,e-puck(1),0.022972,-0.427595,148.650212,0.000000
P,e-puck(1),0.021921,-0.427025,148.273959,0.000000
P,e-puck(1),0.020980,-0.426490,148.021043,0.000000
P,e-puck(1),0.020052,-0.425936,147.881130,0.000000
P,e-puck(1),0.019107,-0.425408,147.533056,0.000000
P,e-puck(1),0.018170,-0.424855,147.301911,0.000000
P,e-puck(1),0.017139,-0.424225,147.132848,0.000000
P,e-puck(1),0.016091,-0.423610,146.802445,0.000000
P,e-puck(1),0.015049,-0.422977,146.535192,0.000000
P,e-puck(1),0.014014,-0.422330,146.338029,0.000000
P,e-puck(1),0.012988,-0.421674,146.186370,0.000000
P,e-puck(1),0.011998,-0.421082,145.806342,0.000000
P,e-puck(1),0.011076,-0.420501,145.564991,0.000000
P,e-puck(1),0.010161,-0.419914,145.352609,0.000000
P,e-puck(1),0.009241,-0.419331,145.078000,0.000000
P,e-puck(1),0.008323,-0.418732,144.854356,0.000000
P,e-puck(1),0.007341,-0.418085,144.622679,0.000000
P,e-puck(1),0.006342,-0.417448,144.255309,0.000000
P,e-puck(1),0.005353,-0.416785,144.000220,0.000000
P,e-puck(1),0.004364,-0.416117,143.731897,0.000000
P,e-puck(1),0.003388,-0.415427,143.594816,0.000000
P,e-puck(1),0.002404,-0.414749,143.348225,0.000000
P,e-puck(1),0.001419,-0.414076,143.041279,0.000000
P,e-puck(1),0.000445,-0.413393,142.785391,0.000000
P,e-puck(1),-0.000513,-0.412699,142.606671,0.000000
P,e-puck(1),-0.001459,-0.412020,142.378149,0.000000
P,e-puck(1),-0.002395,-0.411337,142.183267,0.000000
P,e-puck(1),-0.003331,-0.410663,141.915301,0.000000
P,e-puck(1),-0.004251,-0.409973,141.756678,0.000000
P,e-puck(1),-0.005176,-0.409296,141.493943,0.000000
P,e-puck(1),-0.006103,-0.408627,141.150480,0.000000
P,e-puck(1),-0.007012,-0.407937,140.937484,0.000000
P,e-puck(1),-0.007920,-0.407250,140.687530,0.000000
P,e-puck(1),-0.008822,-0.406555,140.469266,0.000000
P,e-puck(1),-0.009728,-0.405864,140.191007,0.000000
P,e-puck(1),-0.010628,-0.405163,139.952024,0.000000
P,e-puck(1),-0.011524,-0.404453,139.737591,0.000000
P,e-puck(1),-0.012422,-0.403738,139.516655,0.000000
P,e-puck(1),-0.013325,-0.403021,139.253223,0.000000
P,e-puck(1),-0.014222,-0.402287,139.066734,0.000000
P,e-puck(1),-0.015127,-0.401553,138.822504,0.000000
P,e-puck(1),-0.016029,-0.400805,138.625218,0.000000
P,e-puck(1),-0.016941,-0.400058,138.357741,0.000000
P,e-puck(1),-0.017849,-0.399298,138.130140,0.000000
P,e-puck(1),-0.018753,-0.398526,137.945568,0.000000
P,e-puck(1),-0.019664,-0.397757,137.693778,0.000000
P,e-puck(1),-0.020574,-0.396985,137.430461,0.000000
P,e-puck(1),-0.021475,-0.396202,137.218738,0.000000
P,e-puck(1),-0.022374,-0.395421,136.975082,0.000000
P,e-puck(1),-0.023257,-0.394626,136.838390,0.000000
P,e-puck(1),-0.024144,-0.393841,136.613656,0.000000
P,e-puck(1),-0.025017,-0.393044,136.482698,0.000000
P,e-puck(1),-0.025899,-0.392263,136.216703,0.000000
P,e-puck(1),-0.026769,-0.391472,136.023762,0.000000
P,e-puck(1),-0.027640,-0.390689,135.757683,0.000000
P,e-puck(1),-0.028503,-0.389903,135.502962,0.000000
P,e-puck(1),-0.029354,-0.389112,135.294451,0.000000
P,e-puck(1),-0.030202,-0.388325,135.057160,0.000000
P,e-puck(1),-0.031039,-0.387532,134.861205,0.000000
P,e-puck(1),-0.031867,-0.386734,134.705598,0.000000
P,e-puck(1),-0.032704,-0.385945,134.450256,0.000000
P,e-puck(1),-0.033530,-0.385144,134.267276,0.000000
P,e-puck(1),-0.034355,-0.384337,134.093511,0.000000
P,e-puck(1),-0.035180,-0.383524,133.922285,0.000000
P,e-puck(1),-0.036035,-0.382670,133.772582,0.000000
P,e-puck(1),-0.036895,-0.381811,133.598634,0.000000
P,e-puck(1),-0.037778,-0.380970,133.224114,0.000000
P,e-puck(1),-0.038641,-0.380111,132.964383,0.000000
P,e-puck(1),-0.039490,-0.379246,132.757545,0.000000
P,e-puck(1),-0.040322,-0.378398,132.529958,0.000000
P,e-puck(1),-0.041130,-0.377565,132.318198,0.000000
P,e-puck(1),-0.041923,-0.376727,132.172169,0.000000
P,e-puck(1),-0.042722,-0.375903,131.924867,0.000000
P,e-puck(1),-0.043500,-0.375064,131.800263,0.000000
P,e-puck(1),-0.044285,-0.374233,131.600009,0.000000
P,e-puck(1),-0.045066,-0.373395,131.426337,0.000000
P,e-puck(1),-0.045848,-0.372552,131.246749,0.000000
P,e-puck(1),-0.046663,-0.371659,131.088648,0.000000
P,e-puck(1),-0.047480,-0.370759,130.936451,0.000000
P,e-puck(1),-0.048298,-0.369852,130.783634,0.000000
P,e-puck(1),-0.049154,-0.368976,130.306645,0.000000
P,e-puck(1),-0.049967,-0.368065,130.106307,0.000000
P,e-puck(1),-0.050760,-0.367182,129.862532,0.000000
P,e-puck(1),-0.051522,-0.366318,129.654449,0.000000
P,e-puck(1),-0.052271,-0.365452,129.496707,0.000000
P,e-puck(1),-0.053010,-0.364582,129.387405,0.000000
P,e-puck(1),-0.053767,-0.363730,129.107608,0.000000
P,e-puck(1),-0.054505,-0.362858,128.959808,0.000000
P,e-puck(1),-0.055246,-0.361982,128.801718,0.000000
P,e-puck(1),-0.056005,-0.361103,128.541308,0.000000
P,e-puck(1),-0.056767,-0.360198,128.335223,0.000000
P,e-puck(1),-0.057530,-0.359283,128.140199,0.000000
P,e-puck(1),-0.058292,-0.358358,127.962241,0.000000
P,e-puck(1),-0.059048,-0.357420,127.837819,0.000000
P,e-puck(1),-0.059813,-0.356479,127.666502,0.000000
P,e-puck(1),-0.060580,-0.355533,127.479999,0.000000
P,e-puck(1),-0.061351,-0.354585,127.255430,0.000000
P,e-puck(1),-0.062108,-0.353621,127.134713,0.000000
P,e-puck(1),-0.062879,-0.352668,126.880444,0.000000
P,e-puck(1),-0.063642,-0.351713,126.645524,0.000000
P,e-puck(1),-0.064392,-0.350754,126.449040,0.000000
P,e-puck(1),-0.065118,-0.349820,126.258108,0.000000
P,e-puck(1),-0.065837,-0.348890,126.064137,0.000000
P,e-puck(1),-0.066549,-0.347964,125.870740,0.000000
P,e-puck(1),-0.067252,-0.347038,125.696380,0.000000
P,e-puck(1),-0.067948,-0.346113,125.532228,0.000000
P,e-puck(1),-0.068634,-0.345181,125.418563,0.000000
P,e-puck(1),-0.069323,-0.344250,125.280784,0.000000
P,e-puck(1),-0.070026,-0.343323,125.035946,0.000000
P,e-puck(1),-0.070728,-0.342389,124.793396,0.000000
P,e-puck(1),-0.071421,-0.341442,124.608949,0.000000
P,e-puck(1),-0.072107,-0.340482,124.482883,0.000000
P,e-puck(1),-0.072803,-0.339520,124.297770,0.000000
P,e-puck(1),-0.073500,-0.338533,124.173227,0.000000
P,e-puck(1),-0.074215,-0.337536,123.970846,0.000000
P,e-puck(1),-0.074934,-0.336534,123.736052,0.000000
P,e-puck(1),-0.075648,-0.335525,123.524092,0.000000
P,e-puck(1),-0.076352,-0.334512,123.343692,0.000000
P,e-puck(1),-0.077048,-0.333496,123.196420,0.000000
P,e-puck(1),-0.077742,-0.332486,123.015088,0.000000
P,e-puck(1),-0.078416,-0.331491,122.865308,0.000000
P,e-puck(1),-0.079080,-0.330523,122.655030,0.000000
P,e-puck(1),-0.079727,-0.329551,122.523287,0.000000
P,e-puck(1),-0.080371,-0.328582,122.381946,0.000000
P,e-puck(1),-0.081020,-0.327618,122.177916,0.000000
P,e-puck(1),-0.081667,-0.326653,121.960858,0.000000
P,e-puck(1),-0.082306,-0.325682,121.782987,0.000000
P,e-puck(1),-0.082941,-0.324705,121.618990,0.000000
P,e-puck(1),-0.083574,-0.323721,121.469177,0.000000
P,e-puck(1),-0.084211,-0.322733,121.293578,0.000000
P,e-puck(1),-0.084849,-0.321736,121.123210,0.000000
P,e-puck(1),-0.085485,-0.320728,120.972153,0.000000
P,e-puck(1),-0.086126,-0.319712,120.801831,0.000000
P,e-puck(1),-0.086768,-0.318687,120.631535,0.000000
P,e-puck(1),-0.087409,-0.317652,120.475463,0.000000
P,e-puck(1),-0.088045,-0.316605,120.367826,0.000000
P,e-puck(1),-0.088688,-0.315554,120.214221,0.000000
P,e-puck(1),-0.089338,-0.314503,120.007839,0.000000
P,e-puck(1),-0.089974,-0.313439,119.886543,0.000000
P,e-puck(1),-0.090613,-0.312376,119.727613,0.000000
P,e-puck(1),-0.091259,-0.311321,119.484767,0.000000
P,e-puck(1),-0.091879,-0.310297,119.257779,0.000000
P,e-puck(1),-0.092467,-0.309303,119.076503,0.000000
P,e-puck(1),-0.093049,-0.308312,118.901730,0.000000
P,e-puck(1),-0.093619,-0.307318,118.781890,0.000000
P,e-puck(1),-0.094197,-0.306327,118.593378,0.000000
P,e-puck(1),-0.094772,-0.305330,118.419262,0.000000
P,e-puck(1),-0.095344,-0.304325,118.261411,0.000000
P,e-puck(1),-0.095938,-0.303264,118.129292,0.000000
P,e-puck(1),-0.096537,-0.302196,117.969689,0.000000
P,e-puck(1),-0.097132,-0.301117,117.841328,0.000000
P,e-puck(1),-0.097731,-0.300034,117.690063,0.000000
P,e-puck(1),-0.098334,-0.298949,117.503694,0.000000
P,e-puck(1),-0.098932,-0.297861,117.317581,0.000000
P,e-puck(1),-0.099520,-0.296770,117.180027,0.000000
P,e-puck(1),-0.100103,-0.295681,117.043639,0.000000
P,e-puck(1),-0.100685,-0.294598,116.870047,0.000000
P,e-puck(1),-0.101247,-0.293551,116.688562,0.000000
P,e-puck(1),-0.101801,-0.292508,116.520091,0.000000
P,e-puck(1),-0.102341,-0.291465,116.406275,0.000000
P,e-puck(1),-0.102880,-0.290427,116.266800,0.000000
P,e-puck(1),-0.103427,-0.289395,116.053852,0.000000
P,e-puck(1),-0.103960,-0.288357,115.903484,0.000000
P,e-puck(1),-0.104494,-0.287319,115.733503,0.000000
P,e-puck(1),-0.105021,-0.286274,115.597725,0.000000
P,e-puck(1),-0.105551,-0.285165,115.597779,0.000000
P,e-puck(1),-0.106108,-0.284002,115.597874,0.000000
P,e-puck(1),-0.106668,-0.282832,115.597998,0.000000
P,e-puck(1),-0.107231,-0.281657,115.598117,0.000000
P,e-puck(1),-0.107796,-0.280477,115.598221,0.000000
P,e-puck(1),-0.108363,-0.279295,115.598311,0.000000
P,e-puck(1),-0.108930,-0.278111,115.598390,0.000000
P,e-puck(1),-0.109496,-0.276928,115.598462,0.000000
P,e-puck(1),-0.110062,-0.275747,115.598530,0.000000
P,e-puck(1),-0.110626,-0.274569,115.598593,0.000000
P,e-puck(1),-0.111188,-0.273397,115.598648,0.000000
P,e-puck(1),-0.111747,-0.272231,115.598694,0.000000
P,e-puck(1),-0.112302,-0.271072,115.598729,0.000000
P,e-puck(1),-0.112854,-0.269920,115.598751,0.000000
P,e-puck(1),-0.113402,-0.268775,115.598763,0.000000
P,e-puck(1),-0.113948,-0.267636,115.598768,0.000000
P,e-puck(1),-0.114491,-0.266503,115.598770,0.000000
P,e-puck(1),-0.115032,-0.265374,115.598775,0.000000
P,e-puck(1),-0.115571,-0.264248,115.598785,0.000000
P,e-puck(1),-0.116110,-0.263123,115.598805,0.000000
P,e-puck(1),-0.116650,-0.261997,115.598833,0.000000
P,e-puck(1),-0.117190,-0.260869,115.598868,0.000000
P,e-puck(1),-0.117732,-0.259737,115.598906,0.000000
P,e-puck(1),-0.118277,-0.258600,115.598942,0.000000
P,e-puck(1),-0.118827,-0.257452,115.598965,0.000000
P,e-puck(1),-0.119383,-0.256292,115.598971,0.000000
P,e-puck(1),-0.119941,-0.255126,115.598969,0.000000
P,e-puck(1),-0.120502,-0.253955,115.598963,0.000000
P,e-puck(1),-0.121066,-0.252779,115.598956,0.000000
P,e-puck(1),-0.121631,-0.251599,115.598952,0.000000
P,e-puck(1),-0.122197,-0.250418,115.598953,0.000000
P,e-puck(1),-0.122763,-0.249237,115.598961,0.000000
P,e-puck(1),-0.123328,-0.248057,115.598974,0.000000
P,e-puck(1),-0.123892,-0.246880,115.598991,0.000000
P,e-puck(1),-0.124454,-0.245707,115.599009,0.000000
P,e-puck(1),-0.125013,-0.244540,115.599024,0.000000
P,e-puck(1),-0.125569,-0.243379,115.599031,0.000000
P,e-puck(1),-0.126122,-0.242224,115.599031,0.000000
P,e-puck(1),-0.126673,-0.241076,115.599021,0.000000
P,e-puck(1),-0.127220,-0.239934,115.599005,0.000000
P,e-puck(1),-0.127764,-0.238797,115.598985,0.000000
P,e-puck(1),-0.128307,-0.237665,115.598965,0.000000
P,e-puck(1),-0.128848,-0.236536,115.598950,0.000000
P,e-puck(1),-0.129388,-0.235408,115.598941,0.000000
P,e-puck(1),-0.129928,-0.234281,115.598939,0.000000
P,e-puck(1),-0.130469,-0.233152,115.598943,0.000000
P,e-puck(1),-0.131011,-0.232020,115.598951,0.000000
P,e-puck(1),-0.131556,-0.230883,115.598958,0.000000
P,e-puck(1),-0.132103,-0.229741,115.598960,0.000000
P,e-puck(1),-0.132653,-0.228593,115.598955,0.000000
P,e-puck(1),-0.133207,-0.227436,115.598937,0.000000
P,e-puck(1),-0.133764,-0.226274,115.598909,0.000000
P,e-puck(1),-0.134324,-0.225105,115.598873,0.000000
P,e-puck(1),-0.134887,-0.223931,115.598835,0.000000
P,e-puck(1),-0.135451,-0.222753,115.598797,0.000000
P,e-puck(1),-0.136016,-0.221572,115.598765,0.000000
P,e-puck(1),-0.136582,-0.220391,115.598742,0.000000
P,e-puck(1),-0.137148,-0.219210,115.598727,0.000000
P,e-puck(1),-0.137713,-0.218031,115.598718,0.000000
P,e-puck(1),-0.138276,-0.216856,115.598713,0.000000
P,e-puck(1),-0.138836,-0.215686,115.598709,0.000000
P,e-puck(1),-0.139394,-0.214522,115.598700,0.000000
P,e-puck(1),-0.139949,-0.213363,115.598685,0.000000
P,e-puck(1),-0.140501,-0.212212,115.598662,0.000000
P,e-puck(1),-0.141050,-0.211066,115.598633,0.000000
P,e-puck(1),-0.141596,-0.209927,115.598600,0.000000
P,e-puck(1),-0.142139,-0.208792,115.598566,0.000000
P,e-puck(1),-0.142681,-0.207662,115.598536,0.000000
P,e-puck(1),-0.143221,-0.206534,115.598512,0.000000
P,e-puck(1),-0.143761,-0.205406,115.598498,0.000000
P,e-puck(1),-0.144302,-0.204278,115.598491,0.000000
P,e-puck(1),-0.144843,-0.203148,115.598492,0.000000
P,e-puck(1),-0.145387,-0.202014,115.598496,0.000000
P,e-puck(1),-0.145932,-0.200875,115.598499,0.000000
P,e-puck(1),-0.146481,-0.199730,115.598498,0.000000
P,e-puck(1),-0.147033,-0.198578,115.598489,0.000000
P,e-puck(1),-0.147588,-0.197419,115.598470,0.000000
P,e-puck(1),-0.148146,-0.196254,115.598445,0.000000
P,e-puck(1),-0.148707,-0.195083,115.598417,0.000000
P,e-puck(1),-0.149270,-0.193907,115.598390,0.000000
P,e-puck(1),-0.149835,-0.192729,115.598368,0.000000
P,e-puck(1),-0.150401,-0.191548,115.598353,0.000000
P,e-puck(1),-0.150967,-0.190367,115.598348,0.000000
P,e-puck(1),-0.151532,-0.189187,115.598351,0.000000
P,e-puck(1),-0.152096,-0.188010,115.598362,0.000000
P,e-puck(1),-0.152658,-0.186838,115.598376,0.000000
P,e-puck(1),-0.153217,-0.185670,115.598390,0.000000
P,e-puck(1),-0.153773,-0.184508,115.598400,0.000000
P,e-puck(1),-0.154327,-0.183353,115.598404,0.000000
P,e-puck(1),-0.154885,-0.182295,115.308782,0.000000
P,e-puck(1),-0.155356,-0.181693,114.257996,0.000000
P,e-puck(1),-0.155790,-0.181341,112.699490,0.000000
P,e-puck(1),-0.156203,-0.181149,110.802160,0.000000
P,e-puck(1),-0.156606,-0.181060,108.678714,0.000000
P,e-puck(1),-0.157008,-0.181187,106.103318,0.000000
P,e-puck(1),-0.157415,-0.181303,103.527320,0.000000
P,e-puck(1),-0.157826,-0.181408,100.951550,0.000000
P,e-puck(1),-0.158242,-0.181500,98.376335,0.000000
P,e-puck(1),-0.158661,-0.181579,95.801758,0.000000
P,e-puck(1),-0.159083,-0.181643,93.227785,0.000000
P,e-puck(1),-0.159391,-0.181453,91.432105,0.000000
P,e-puck(1),-0.159605,-0.180765,90.237061,0.000000
P,e-puck(1),-0.159736,-0.179877,89.441451,0.000000
P,e-puck(1),-0.159810,-0.178858,88.911556,0.000000
P,e-puck(1),-0.159784,-0.177576,88.913704,0.000000
P,e-puck(1),-0.159758,-0.176285,88.915459,0.000000
P,e-puck(1),-0.159732,-0.174987,88.916782,0.000000
P,e-puck(1),-0.159707,-0.173683,88.917750,0.000000
P,e-puck(1),-0.159682,-0.172375,88.918443,0.000000
P,e-puck(1),-0.159657,-0.171064,88.918927,0.000000
P,e-puck(1),-0.159632,-0.169752,88.919270,0.000000
P,e-puck(1),-0.159607,-0.168441,88.919509,0.000000
P,e-puck(1),-0.159582,-0.167134,88.919673,0.000000
P,e-puck(1),-0.159557,-0.165831,88.919785,0.000000
P,e-puck(1),-0.159533,-0.164534,88.919861,0.000000
P,e-puck(1),-0.159508,-0.163244,88.919913,0.000000
P,e-puck(1),-0.159484,-0.161961,88.919948,0.000000
P,e-puck(1),-0.159460,-0.160686,88.919973,0.000000
P,e-puck(1),-0.159436,-0.159418,88.919990,0.000000
P,e-puck(1),-0.159413,-0.158157,88.920003,0.000000
P,e-puck(1),-0.159389,-0.156901,88.920013,0.000000
P,e-puck(1),-0.159365,-0.155649,88.920020,0.000000
P,e-puck(1),-0.159342,-0.154399,88.920025,0.000000
P,e-puck(1),-0.159318,-0.153149,88.920029,0.000000
P,e-puck(1),-0.159295,-0.151898,88.920032,0.000000
P,e-puck(1),-0.159271,-0.150645,88.920035,0.000000
P,e-puck(1),-0.159247,-0.149386,88.920037,0.000000
P,e-puck(1),-0.159360,-0.148132,88.061894,0.000000
P,e-puck(1),-0.159571,-0.147616,86.631462,0.000000
P,e-puck(1),-0.159842,-0.147258,84.819141,0.000000
P,e-puck(1),-0.160154,-0.146995,82.749819,0.000000
P,e-puck(1),-0.160349,-0.146736,81.363229,0.000000
P,e-puck(1),-0.160370,-0.145880,80.438784,0.000000
P,e-puck(1),-0.160302,-0.144885,79.823773,0.000000
P,e-puck(1),-0.160071,-0.143616,79.824227,0.000000
P,e-puck(1),-0.159841,-0.142338,79.824917,0.000000
P,e-puck(1),-0.159609,-0.141053,79.825606,0.000000
P,e-puck(1),-0.159376,-0.139761,79.826202,0.000000
P,e-puck(1),-0.159143,-0.138465,79.826680,0.000000
P,e-puck(1),-0.158910,-0.137167,79.827043,0.000000
P,e-puck(1),-0.158677,-0.135871,79.827307,0.000000
P,e-puck(1),-0.158445,-0.134577,79.827492,0.000000
P,e-puck(1),-0.158214,-0.133288,79.827619,0.000000
P,e-puck(1),-0.157984,-0.132007,79.827704,0.000000
P,e-puck(1),-0.157756,-0.130740,79.827768,0.000000
P,e-puck(1),-0.157532,-0.129489,79.827818,0.000000
P,e-puck(1),-0.157309,-0.128247,79.827857,0.000000
P,e-puck(1),-0.157087,-0.127012,79.827885,0.000000
P,e-puck(1),-0.156867,-0.125782,79.827904,0.000000
P,e-puck(1),-0.156647,-0.124558,79.827914,0.000000
P,e-puck(1),-0.156427,-0.123335,79.827915,0.000000
P,e-puck(1),-0.156208,-0.122112,79.827909,0.000000
P,e-puck(1),-0.155988,-0.120887,79.827899,0.000000
P,e-puck(1),-0.155768,-0.119658,79.827887,0.000000
P,e-puck(1),-0.155544,-0.118411,79.827883,0.000000
P,e-puck(1),-0.155317,-0.117144,79.827893,0.000000
P,e-puck(1),-0.155088,-0.115871,79.827907,0.000000
P,e-puck(1),-0.154859,-0.114592,79.827924,0.000000
P,e-puck(1),-0.154629,-0.113309,79.827940,0.000000
P,e-puck(1),-0.154398,-0.112022,79.827954,0.000000
P,e-puck(1),-0.154344,-0.110945,78.969379,0.000000
P,e-puck(1),-0.154463,-0.110354,77.538259,0.000000
P,e-puck(1),-0.154668,-0.109924,75.724399,0.000000
P,e-puck(1),-0.154931,-0.109595,73.653884,0.000000
P,e-puck(1),-0.155076,-0.109287,72.271716,0.000000
P,e-puck(1),-0.154959,-0.108432,71.350318,0.000000
P,e-puck(1),-0.154733,-0.107457,70.736507,0.000000
P,e-puck(1),-0.154305,-0.106239,70.736987,0.000000
P,e-puck(1),-0.153875,-0.105013,70.737709,0.000000
P,e-puck(1),-0.153443,-0.103779,70.738426,0.000000
P,e-puck(1),-0.153009,-0.102540,70.739048,0.000000
P,e-puck(1),-0.152574,-0.101296,70.739547,0.000000
P,e-puck(1),-0.152138,-0.100051,70.739924,0.000000
P,e-puck(1),-0.151703,-0.098806,70.740197,0.000000
P,e-puck(1),-0.151269,-0.097565,70.740386,0.000000
P,e-puck(1),-0.150837,-0.096327,70.740513,0.000000
P,e-puck(1),-0.150407,-0.095097,70.740599,0.000000
P,e-puck(1),-0.149986,-0.093892,70.740681,0.000000
P,e-puck(1),-0.149568,-0.092695,70.740749,0.000000
P,e-puck(1),-0.149152,-0.091505,70.740807,0.000000
P,e-puck(1),-0.148738,-0.090320,70.740855,0.000000
P,e-puck(1),-0.148326,-0.089140,70.740893,0.000000
P,e-puck(1),-0.147914,-0.087963,70.740919,0.000000
P,e-puck(1),-0.147503,-0.086787,70.740934,0.000000
P,e-puck(1),-0.147092,-0.085610,70.740938,0.000000
P,e-puck(1),-0.146680,-0.084430,70.740934,0.000000
P,e-puck(1),-0.146266,-0.083245,70.740925,0.000000
P,e-puck(1),-0.145850,-0.082055,70.740917,0.000000
P,e-puck(1),-0.145430,-0.080853,70.740919,0.000000
P,e-puck(1),-0.145006,-0.079639,70.740934,0.000000
P,e-puck(1),-0.144579,-0.078417,70.740954,0.000000
P,e-puck(1),-0.144283,-0.077157,69.882766,0.000000
P,e-puck(1),-0.144325,-0.076609,68.452749,0.000000
P,e-puck(1),-0.144472,-0.076188,66.640208,0.000000
P,e-puck(1),-0.144521,-0.075806,65.430683,0.000000
P,e-puck(1),-0.144284,-0.074961,64.586544,0.000000
P,e-puck(1),-0.143923,-0.074003,64.048959,0.000000
P,e-puck(1),-0.143360,-0.072851,64.049069,0.000000
P,e-puck(1),-0.142793,-0.071691,64.049520,0.000000
P,e-puck(1),-0.142224,-0.070524,64.050049,0.000000
P,e-puck(1),-0.141653,-0.069352,64.050545,0.000000
P,e-puck(1),-0.141080,-0.068175,64.050961,0.000000
P,e-puck(1),-0.140506,-0.066997,64.051288,0.000000
P,e-puck(1),-0.139932,-0.065817,64.051532,0.000000
P,e-puck(1),-0.139359,-0.064639,64.051701,0.000000
P,e-puck(1),-0.138787,-0.063464,64.051813,0.000000
P,e-puck(1),-0.138217,-0.062293,64.051884,0.000000
P,e-puck(1),-0.137649,-0.061127,64.051928,0.000000
P,e-puck(1),-0.137085,-0.059968,64.051957,0.000000
P,e-puck(1),-0.136524,-0.058815,64.051980,0.000000
P,e-puck(1),-0.135967,-0.057670,64.052000,0.000000
P,e-puck(1),-0.135413,-0.056531,64.052019,0.000000
P,e-puck(1),-0.134862,-0.055398,64.052037,0.000000
P,e-puck(1),-0.134313,-0.054270,64.052050,0.000000
P,e-puck(1),-0.133765,-0.053145,64.052054,0.000000
P,e-puck(1),-0.133219,-0.052022,64.052048,0.000000
P,e-puck(1),-0.132673,-0.050900,64.052031,0.000000
P,e-puck(1),-0.132125,-0.049775,64.052005,0.000000
P,e-puck(1),-0.131577,-0.048648,64.051973,0.000000
P,e-puck(1),-0.131026,-0.047516,64.051939,0.000000
P,e-puck(1),-0.130472,-0.046378,64.051908,0.000000
P,e-puck(1),-0.129911,-0.045226,64.051897,0.000000
P,e-puck(1),-0.129347,-0.044066,64.051894,0.000000
P,e-puck(1),-0.128908,-0.042852,63.193563,0.000000
P,e-puck(1),-0.128884,-0.042298,61.763576,0.000000
P,e-puck(1),-0.128980,-0.041861,59.951282,0.000000
P,e-puck(1),-0.129153,-0.041493,57.883616,0.000000
P,e-puck(1),-0.129230,-0.041174,56.439553,0.000000
P,e-puck(1),-0.128909,-0.040410,55.477186,0.000000
P,e-puck(1),-0.128443,-0.039553,54.835937,0.000000
P,e-puck(1),-0.127700,-0.038503,54.836350,0.000000
P,e-puck(1),-0.126953,-0.037445,54.837028,0.000000
P,e-puck(1),-0.126203,-0.036381,54.837720,0.000000
P,e-puck(1),-0.125449,-0.035312,54.838324,0.000000
P,e-puck(1),-0.124692,-0.034239,54.838806,0.000000
P,e-puck(1),-0.123935,-0.033164,54.839165,0.000000
P,e-puck(1),-0.123177,-0.032089,54.839417,0.000000
P,e-puck(1),-0.122421,-0.031015,54.839581,0.000000
P,e-puck(1),-0.121667,-0.029945,54.839681,0.000000
P,e-puck(1),-0.120916,-0.028880,54.839736,0.000000
P,e-puck(1),-0.120170,-0.027820,54.839767,0.000000
P,e-puck(1),-0.119430,-0.026770,54.839791,0.000000
P,e-puck(1),-0.118697,-0.025729,54.839818,0.000000
P,e-puck(1),-0.117969,-0.024695,54.839846,0.000000
P,e-puck(1),-0.117244,-0.023667,54.839873,0.000000
P,e-puck(1),-0.116523,-0.022643,54.839894,0.000000
P,e-puck(1),-0.115805,-0.021623,54.839906,0.000000
P,e-puck(1),-0.115087,-0.020605,54.839905,0.000000
P,e-puck(1),-0.114370,-0.019587,54.839889,0.000000
P,e-puck(1),-0.113652,-0.018567,54.839861,0.000000
P,e-puck(1),-0.112932,-0.017545,54.839826,0.000000
P,e-puck(1),-0.112209,-0.016518,54.839789,0.000000
P,e-puck(1),-0.111477,-0.015479,54.839771,0.000000
P,e-puck(1),-0.110736,-0.014427,54.839778,0.000000
P,e-puck(1),-0.110109,-0.013301,53.980841,0.000000
P,e-puck(1),-0.109995,-0.012755,52.549956,0.000000
P,e-puck(1),-0.110018,-0.012306,50.736607,0.000000
P,e-puck(1),-0.110129,-0.011913,48.667930,0.000000
P,e-puck(1),-0.110448,-0.011637,46.089195,0.000000
P,e-puck(1),-0.110760,-0.011353,43.509365,0.000000
P,e-puck(1),-0.111065,-0.011059,40.929562,0.000000
P,e-puck(1),-0.111360,-0.010754,38.350261,0.000000
P,e-puck(1),-0.111378,-0.010404,36.608069,0.000000
P,e-puck(1),-0.110913,-0.009827,35.464799,0.000000
P,e-puck(1),-0.110247,-0.009202,34.703537,0.000000
P,e-puck(1),-0.109446,-0.008550,34.196451,0.000000
P,e-puck(1),-0.108466,-0.007886,34.198081,0.000000
P,e-puck(1),-0.107361,-0.007137,34.199669,0.000000
P,e-puck(1),-0.106247,-0.006381,34.200915,0.000000
P,e-puck(1),-0.105128,-0.005622,34.201836,0.000000
P,e-puck(1),-0.104006,-0.004860,34.202468,0.000000
P,e-puck(1),-0.102887,-0.004100,34.202864,0.000000
P,e-puck(1),-0.101803,-0.003363,34.203149,0.000000
P,e-puck(1),-0.100755,-0.002651,34.203407,0.000000
P,e-puck(1),-0.099714,-0.001943,34.203605,0.000000
P,e-puck(1),-0.098678,-0.001239,34.203757,0.000000
P,e-puck(1),-0.097912,-0.000553,33.345368,0.000000
P,e-puck(1),-0.097601,-0.000074,31.914922,0.000000
P,e-puck(1),-0.097454,0.000362,30.102403,0.000000
P,e-puck(1),-0.097413,0.000773,28.034894,0.000000
P,e-puck(1),-0.097611,0.001146,25.457744,0.000000
P,e-puck(1),-0.097800,0.001525,22.879795,0.000000
P,e-puck(1),-0.097980,0.001910,20.302004,0.000000
P,e-puck(1),-0.098149,0.002302,17.724766,0.000000
P,e-puck(1),-0.098305,0.002701,15.148201,0.000000
P,e-puck(1),-0.098445,0.003107,12.572297,0.000000
P,e-puck(1),-0.098568,0.003519,9.996994,0.000000
P,e-puck(1),-0.098670,0.003938,7.422219,0.000000
P,e-puck(1),-0.098749,0.004363,4.847901,0.000000
P,e-puck(1),-0.098803,0.004792,2.273982,0.000000
P,e-puck(1),-0.098805,0.005224,359.700414,0.000000
P,e-puck(1),-0.098780,0.005653,357.127125,0.000000
P,e-puck(1),-0.098727,0.006089,354.508371,0.000000
P,e-puck(1),-0.098648,0.006519,351.907990,0.000000
P,e-puck(1),-0.098544,0.006942,349.315950,0.000000
P,e-puck(1),-0.098418,0.007357,346.728438,0.000000
P,e-puck(1),-0.098271,0.007764,344.143806,0.000000
P,e-puck(1),-0.098105,0.008163,341.561184,0.000000
P,e-puck(1),-0.097923,0.008553,338.980058,0.000000
P,e-puck(1),-0.097728,0.008935,336.400094,0.000000
P,e-puck(1),-0.097521,0.009309,333.821059,0.000000
P,e-puck(1),-0.097304,0.009676,331.242783,0.000000
P,e-puck(1),-0.097091,0.010044,328.665115,0.000000
P,e-puck(1),-0.096869,0.010407,326.087973,0.000000
P,e-puck(1),-0.096637,0.010764,323.511286,0.000000
P,e-puck(1),-0.096395,0.011112,320.934997,0.000000
P,e-puck(1),-0.096141,0.011452,318.359057,0.000000
P,e-puck(1),-0.095875,0.011783,315.783431,0.000000
P,e-puck(1),-0.095593,0.012104,313.208091,0.000000
P,e-puck(1),-0.095297,0.012412,310.633008,0.000000
P,e-puck(1),-0.094986,0.012705,308.058152,0.000000
P,e-puck(1),-0.094659,0.012981,305.483497,0.000000
P,e-puck(1),-0.094316,0.013239,302.909015,0.000000
P,e-puck(1),-0.093958,0.013475,300.334682,0.000000
P,e-puck(1),-0.093586,0.013688,297.760478,0.000000
P,e-puck(1),-0.093201,0.013878,295.186388,0.000000
P,e-puck(1),-0.092806,0.014043,292.612399,0.000000
P,e-puck(1),-0.092401,0.014184,290.038504,0.000000
P,e-puck(1),-0.091988,0.014300,287.464696,0.000000
P,e-puck(1),-0.091570,0.014393,284.890968,0.000000
P,e-puck(1),-0.091149,0.014463,282.317314,0.000000
P,e-puck(1),-0.090725,0.014513,279.743724,0.000000
P,e-puck(1),-0.090479,0.014767,277.948471,0.000000
P,e-puck(1),-0.090389,0.015504,276.779755,0.000000
P,e-puck(1),-0.090369,0.016430,276.020881,0.000000
P,e-puck(1),-0.090391,0.017471,275.515396,0.000000
P,e-puck(1),-0.090513,0.018750,275.517804,0.000000
P,e-puck(1),-0.090062,0.019506,275.725439,0.000000
P,e-puck(1),-0.089548,0.020575,275.887925,0.000000
P,e-puck(1),-0.088226,0.020641,276.205216,0.000000
P,e-puck(1),-0.086908,0.021943,275.611107,0.000000
P,e-puck(1),-0.085608,0.023288,275.591188,0.000000
P,e-puck(1),-0.084399,0.024158,274.637933,0.000000
P,e-puck(1),-0.083235,0.024704,273.061946,0.000000
P,e-puck(1),-0.082094,0.025028,271.070435,0.000000
P,e-puck(1),-0.080967,0.025194,268.801596,0.000000
P,e-puck(1),-0.080475,0.024407,268.218961,0.000000
P,e-puck(1),-0.080461,0.021782,268.344073,0.000000
P,e-puck(1),-0.080388,0.020656,267.945429,0.000000
P,e-puck(1),-0.080195,0.019264,267.000925,0.000000
P,e-puck(1),-0.079971,0.017905,265.960404,0.000000
P,e-puck(1),-0.079584,0.017445,264.653263,0.000000
P,e-puck(1),-0.079401,0.016290,264.240460,0.000000
P,e-puck(1),-0.079245,0.014685,263.986580,0.000000
P,e-puck(1),-0.078761,0.013534,262.857994,0.000000
P,e-puck(1),-0.078514,0.012057,262.171831,0.000000
P,e-puck(1),-0.078232,0.011143,261.249238,0.000000
P,e-puck(1),-0.077976,0.010154,260.055487,0.000000
P,e-puck(1),-0.077752,0.009517,258.757216,0.000000
P,e-puck(1),-0.077557,0.009125,258.005587,0.000000
P,e-puck(1),-0.077473,0.009007,258.096503,0.000000
P,e-puck(1),-0.077472,0.009012,258.097254,0.000000
P,e-puck(1),-0.077470,0.009017,258.097732,0.000000
P,e-puck(1),-0.077486,0.008672,258.373939,0.000000
P,e-puck(1),-0.077471,0.008471,258.586837,0.000000
P,e-puck(1),-0.077462,0.008467,258.813936,0.000000
P,e-puck(1),-0.077492,0.008182,259.199593,0.000000
P,e-puck(1),-0.077506,0.007759,259.449321,0.000000
P,e-puck(1),-0.077519,0.007465,259.841312,0.000000
P,e-puck(1),-0.077512,0.007146,259.877055,0.000000
P,e-puck(1),-0.077506,0.006879,259.878884,0.000000
P,e-puck(1),-0.077503,0.006841,259.880001,0.000000
P,e-puck(1),-0.077499,0.006858,259.879990,0.000000
P,e-puck(1),-0.077497,0.006870,259.879980,0.000000
P,e-puck(1),-0.077495,0.006877,259.879974,0.000000
P,e-puck(1),-0.077494,0.006883,259.879970,0.000000
P,e-puck(1),-0.077345,0.007212,259.879862,0.000000
P,e-puck(1),-0.077372,0.006473,259.879321,0.000000
P,e-puck(1),-0.077297,0.006574,259.880239,0.000000
P,e-puck(1),-0.077278,0.006616,259.880281,0.000000
P,e-puck(1),-0.077273,0.006643,259.880304,0.000000
P,e-puck(1),-0.077269,0.006662,259.880320,0.000000
P,e-puck(1),-0.077267,0.006673,259.880337,0.000000
P,e-puck(1),-0.077265,0.006682,259.880342,0.000000
P,e-puck(1),-0.077264,0.006688,259.880345,0.000000
P,e-puck(1),-0.077263,0.006692,259.880346,0.000000
P,e-puck(1),-0.077025,0.006908,259.880347,0.000000
P,e-puck(1),-0.077030,0.006282,259.879757,0.000000
P,e-puck(1),-0.076940,0.006778,259.880376,0.000000
P,e-puck(1),-0.076900,0.006974,259.880346,0.000000
P,e-puck(1),-0.076897,0.006961,259.880361,0.000000
P,e-puck(1),-0.076898,0.006954,259.880370,0.000000
P,e-puck(1),-0.076898,0.006954,259.880375,0.000000
P,e-puck(1),-0.076898,0.006953,259.880380,0.000000
P,e-puck(1),-0.076898,0.006953,259.880383,0.000000
P,e-puck(1),-0.076898,0.006953,259.880387,0.000000
P,e-puck(1),-0.076898,0.006954,259.880390,0.000000
P,e-puck(1),-0.076898,0.006954,259.880394,0.000000
P,e-puck(1),-0.076898,0.006954,259.880397,0.000000
P,e-puck(1),-0.076898,0.006955,259.880400,0.000000
P,e-puck(1),-0.076897,0.006955,259.880403,0.000000
P,e-puck(1),-0.076897,0.006956,259.880406,0.000000
P,e-puck(1),-0.076896,0.006956,259.880410,0.000000
P,e-puck(1),-0.076896,0.006957,259.880413,0.000000
P,e-puck(1),-0.076896,0.006957,259.880416,0.000000
P,e-puck(1),-0.076896,0.006957,259.880419,0.000000
P,e-puck(1),-0.076894,0.006958,259.880423,0.000000
P,e-puck(1),-0.076893,0.006958,259.880426,0.000000
P,e-puck(1),-0.076893,0.006959,259.880430,0.000000
P,e-puck(1),-0.076893,0.006959,259.880433,0.000000
P,e-puck(1),-0.076893,0.006959,259.880436,0.000000
P,e-puck(1),-0.076893,0.006960,259.880439,0.000000
P,e-puck(1),-0.076893,0.006960,259.880442,0.000000
P,e-puck(1),-0.076893,0.006961,259.880445,0.000000
P,e-puck(1),-0.076893,0.006961,259.880448,0.000000
P,e-puck(1),-0.076893,0.006961,259.880452,0.000000
P,e-puck(1),-0.076892,0.006962,259.880455,0.000000
P,e-puck(1),-0.076885,0.006962,259.880459,0.000000
P,e-puck(1),-0.076874,0.006962,259.880462,0.000000
P,e-puck(1),-0.076823,0.006962,259.880466,0.000000
P,e-puck(1),-0.076827,0.006952,259.880463,0.000000
P,e-puck(1),-0.076829,0.006949,259.880462,0.000000
P,e-puck(1),-0.076830,0.006945,259.880462,0.000000
P,e-puck(1),-0.076831,0.006941,259.880462,0.000000
P,e-puck(1),-0.076832,0.006938,259.880463,0.000000
P,e-puck(1),-0.076833,0.006934,259.880464,0.000000
P,e-puck(1),-0.076834,0.006931,259.880465,0.000000
P,e-puck(1),-0.076834,0.006928,259.880466,0.000000
P,e-puck(1),-0.076835,0.006925,259.880467,0.000000
P,e-puck(1),-0.076835,0.006922,259.880469,0.000000
P,e-puck(1),-0.076836,0.006919,259.880470,0.000000
P,e-puck(1),-0.076836,0.006916,259.880471,0.000000
P,e-puck(1),-0.076837,0.006913,259.880472,0.000000
P,e-puck(1),-0.076837,0.006911,259.880473,0.000000
P,e-puck(1),-0.076838,0.006908,259.880474,0.000000
P,e-puck(1),-0.076838,0.006906,259.880475,0.000000
P,e-puck(1),-0.076839,0.006903,259.880475,0.000000
P,e-puck(1),-0.076839,0.006901,259.880476,0.000000
P,e-puck(1),-0.076840,0.006899,259.880477,0.000000
P,e-puck(1),-0.076840,0.006896,259.880477,0.000000
P,e-puck(1),-0.076840,0.006894,259.880478,0.000000
P,e-puck(1),-0.076841,0.006892,259.880479,0.000000
P,e-puck(1),-0.076841,0.006890,259.880479,0.000000
P,e-puck(1),-0.076841,0.006888,259.880480,0.000000
P,e-puck(1),-0.076941,0.006337,259.879981,0.000000
P,e-puck(1),-0.076881,0.005923,259.543405,0.000000
P,e-puck(1),-0.076643,0.005369,258.045442,0.000000
P,e-puck(1),-0.076230,0.005122,255.468600,0.000000
P,e-puck(1),-0.075818,0.004489,252.800162,0.000000
P,e-puck(1),-0.075547,0.003973,250.913036,0.000000
P,e-puck(1),-0.075370,0.003535,249.657184,0.000000
P,e-puck(1),-0.075369,0.003154,249.658383,0.000000
P,e-puck(1),-0.075312,0.003000,249.634505,0.000000
P,e-puck(1),-0.076231,0.002229,249.836664,0.000000
P,e-puck(1),-0.076404,0.002371,249.165274,0.000000
P,e-puck(1),-0.076535,0.002295,248.773845,0.000000
P,e-puck(1),-0.076011,0.002403,246.545071,0.000000
P,e-puck(1),-0.075971,0.001430,243.885163,0.000000
P,e-puck(1),-0.075155,0.001781,241.051123,0.000000
P,e-puck(1),-0.075638,0.000489,238.355137,0.000000
P,e-puck(1),-0.075731,-0.000397,236.288930,0.000000
P,e-puck(1),-0.076102,-0.000868,234.452058,0.000000
P,e-puck(1),-0.075834,-0.001218,231.639608,0.000000
P,e-puck(1),-0.076011,-0.001479,229.608747,0.000000
P,e-puck(1),-0.076051,-0.002241,228.526738,0.000000
P,e-puck(1),-0.076144,-0.002996,226.689392,0.000000
P,e-puck(1),-0.075648,-0.002509,225.262134,0.000000
P,e-puck(1),-0.075795,-0.002845,223.765860,0.000000
P,e-puck(1),-0.075742,-0.003358,221.468763,0.000000
P,e-puck(1),-0.075625,-0.003866,218.642394,0.000000
P,e-puck(1),-0.075049,-0.003754,215.947429,0.000000
P,e-puck(1),-0.075015,-0.003784,214.156462,0.000000
P,e-puck(1),-0.076223,-0.002172,212.598395,0.000000
P,e-puck(1),-0.075765,-0.003404,211.303423,0.000000
P,e-puck(1),-0.075896,-0.003821,209.379630,0.000000
P,e-puck(1),-0.076217,-0.004046,207.785079,0.000000
P,e-puck(1),-0.076564,-0.004352,206.011443,0.000000
P,e-puck(1),-0.076601,-0.004655,203.586367,0.000000
P,e-puck(1),-0.076566,-0.005042,200.840865,0.000000
P,e-puck(1),-0.076492,-0.005076,198.015640,0.000000
P,e-puck(1),-0.076527,-0.005414,195.351259,0.000000
P,e-puck(1),-0.077015,-0.005617,193.587599,0.000000
P,e-puck(1),-0.078013,-0.004566,193.001782,0.000000
P,e-puck(1),-0.078122,-0.005197,190.461675,0.000000
P,e-puck(1),-0.078110,-0.005694,187.636704,0.000000
P,e-puck(1),-0.078359,-0.005928,185.254974,0.000000
P,e-puck(1),-0.078727,-0.006345,183.073504,0.000000
P,e-puck(1),-0.078839,-0.006448,180.250527,0.000000
P,e-puck(1),-0.079060,-0.006538,177.650011,0.000000
P,e-puck(1),-0.079616,-0.006814,175.809790,0.000000
P,e-puck(1),-0.080054,-0.007164,173.658712,0.000000
P,e-puck(1),-0.080315,-0.007483,171.034556,0.000000
P,e-puck(1),-0.080854,-0.007881,168.658560,0.000000
P,e-puck(1),-0.081195,-0.007105,167.782436,0.000000
P,e-puck(1),-0.081562,-0.007885,165.064923,0.000000
P,e-puck(1),-0.081899,-0.008473,162.497670,0.000000
P,e-puck(1),-0.082102,-0.009341,159.692022,0.000000
P,e-puck(1),-0.082694,-0.009774,156.927780,0.000000
P,e-puck(1),-0.083390,-0.010504,154.851655,0.000000
P,e-puck(1),-0.082695,-0.008368,153.935536,0.000000
P,e-puck(1),-0.083711,-0.009944,152.579265,0.000000
P,e-puck(1),-0.084438,-0.010565,150.147075,0.000000
P,e-puck(1),-0.085010,-0.011179,147.393216,0.000000
P,e-puck(1),-0.086243,-0.011679,144.587343,0.000000
P,e-puck(1),-0.087467,-0.012147,141.833322,0.000000
P,e-puck(1),-0.088831,-0.012575,139.017124,0.000000
P,e-puck(1),-0.089996,-0.013146,137.183872,0.000000
P,e-puck(1),-0.091124,-0.013854,136.009147,0.000000
P,e-puck(1),-0.091499,-0.014833,135.605390,0.000000
P,e-puck(1),-0.091955,-0.015500,135.303969,0.000000
P,e-puck(1),-0.092018,-0.016171,135.085376,0.000000
P,e-puck(1),-0.091695,-0.016684,134.809157,0.000000
P,e-puck(1),-0.091102,-0.017383,135.035629,0.000000
P,e-puck(1),-0.090243,-0.018285,135.040327,0.000000
P,e-puck(1),-0.089779,-0.018959,134.101107,0.000000
P,e-puck(1),-0.089622,-0.019489,132.534714,0.000000
P,e-puck(1),-0.089189,-0.019844,130.637775,0.000000
P,e-puck(1),-0.089538,-0.019853,128.482983,0.000000
P,e-puck(1),-0.089880,-0.020064,125.815112,0.000000
P,e-puck(1),-0.090185,-0.019471,123.825212,0.000000
P,e-puck(1),-0.090456,-0.019490,121.129963,0.000000
P,e-puck(1),-0.090757,-0.019641,118.310512,0.000000
P,e-puck(1),-0.090762,-0.020442,115.492000,0.000000
P,e-puck(1),-0.090764,-0.020587,112.795891,0.000000
P,e-puck(1),-0.091679,-0.019546,109.996139,0.000000
P,e-puck(1),-0.091102,-0.019771,108.090421,0.000000
P,e-puck(1),-0.092002,-0.019891,105.755526,0.000000
P,e-puck(1),-0.091961,-0.019556,103.932589,0.000000
P,e-puck(1),-0.092299,-0.019541,101.229495,0.000000
P,e-puck(1),-0.092226,-0.019901,99.057635,0.000000
P,e-puck(1),-0.092505,-0.019891,96.833728,0.000000
P,e-puck(1),-0.092971,-0.019687,94.104652,0.000000
P,e-puck(1),-0.093076,-0.019653,91.329871,0.000000
P,e-puck(1),-0.093526,-0.019580,88.589387,0.000000
P,e-puck(1),-0.093628,-0.018746,86.659715,0.000000
P,e-puck(1),-0.094070,-0.018805,84.659516,0.000000
P,e-puck(1),-0.094344,-0.018665,82.575319,0.000000
P,e-puck(1),-0.096025,-0.018374,78.950826,0.000000
P,e-puck(1),-0.095293,-0.017622,76.960156,0.000000
P,e-puck(1),-0.095163,-0.016065,75.276365,0.000000
P,e-puck(1),-0.095096,-0.016655,74.015587,0.000000
P,e-puck(1),-0.095106,-0.016030,73.333764,0.000000
P,e-puck(1),-0.095349,-0.016177,72.362752,0.000000
P,e-puck(1),-0.095086,-0.015467,72.429480,0.000000
P,e-puck(1),-0.094944,-0.014372,71.145380,0.000000
P,e-puck(1),-0.095362,-0.014472,70.625036,0.000000
P,e-puck(1),-0.095319,-0.013398,70.123805,0.000000
P,e-puck(1),-0.094609,-0.013112,69.457689,0.000000
P,e-puck(1),-0.094558,-0.012677,69.326899,0.000000
P,e-puck(1),-0.094957,-0.011786,69.815270,0.000000
P,e-puck(1),-0.094269,-0.011326,70.135597,0.000000
P,e-puck(1),-0.094090,-0.010776,69.228988,0.000000
P,e-puck(1),-0.093715,-0.009981,68.745373,0.000000
P,e-puck(1),-0.093164,-0.008939,68.069885,0.000000
P,e-puck(1),-0.092662,-0.008513,67.832549,0.000000
P,e-puck(1),-0.092455,-0.008371,66.866779,0.000000
P,e-puck(1),-0.092286,-0.008631,66.546241,0.000000
P,e-puck(1),-0.090765,-0.008463,65.910889,0.000000
P,e-puck(1),-0.090651,-0.008009,65.824959,0.000000
P,e-puck(1),-0.090234,-0.007212,66.226145,0.000000
P,e-puck(1),-0.089855,-0.006857,66.336908,0.000000
P,e-puck(1),-0.089218,-0.006261,65.992472,0.000000
P,e-puck(1),-0.088785,-0.006297,65.662031,0.000000
P,e-puck(1),-0.088531,-0.006983,65.652356,0.000000
P,e-puck(1),-0.087974,-0.006217,65.226614,0.000000
P,e-puck(1),-0.087622,-0.005315,64.447279,0.000000
P,e-puck(1),-0.087468,-0.004936,63.068048,0.000000
P,e-puck(1),-0.087277,-0.004684,62.139913,0.000000
P,e-puck(1),-0.087225,-0.004454,60.831056,0.000000
P,e-puck(1),-0.086603,-0.003640,60.834953,0.000000
P,e-puck(1),-0.086198,-0.002974,60.833989,0.000000
P,e-puck(1),-0.085770,-0.002048,60.604116,0.000000
P,e-puck(1),-0.085192,-0.001250,60.486876,0.000000
P,e-puck(1),-0.084965,-0.000775,60.185650,0.000000
P,e-puck(1),-0.084033,-0.000504,60.189822,0.000000
P,e-puck(1),-0.083403,0.000462,60.089757,0.000000
P,e-puck(1),-0.083263,0.001620,60.394680,0.000000
P,e-puck(1),-0.082231,0.001587,60.382478,0.000000
P,e-puck(1),-0.081625,0.001968,60.169602,0.000000
P,e-puck(1),-0.081220,0.002710,59.485510,0.000000
P,e-puck(1),-0.080518,0.003743,59.486035,0.000000
P,e-puck(1),-0.080552,0.003747,59.158240,0.000000
P,e-puck(1),-0.079670,0.004483,58.015404,0.000000
P,e-puck(1),-0.079079,0.004663,57.105860,0.000000
P,e-puck(1),-0.078977,0.004413,56.009328,0.000000
P,e-puck(1),-0.078776,0.004207,54.986485,0.000000
P,e-puck(1),-0.077788,0.004927,54.282196,0.000000
P,e-puck(1),-0.077251,0.005438,53.849675,0.000000
P,e-puck(1),-0.076492,0.005618,53.849584,0.000000
P,e-puck(1),-0.076047,0.006134,53.498917,0.000000
P,e-puck(1),-0.076105,0.006454,52.001973,0.000000
P,e-puck(1),-0.075765,0.007302,50.488137,0.000000
P,e-puck(1),-0.075596,0.006997,48.866573,0.000000
P,e-puck(1),-0.076212,0.006985,46.402378,0.000000
P,e-puck(1),-0.076059,0.007310,43.972900,0.000000
P,e-puck(1),-0.076687,0.007343,41.272452,0.000000
P,e-puck(1),-0.076476,0.008057,38.570624,0.000000
P,e-puck(1),-0.076802,0.008237,35.914773,0.000000
P,e-puck(1),-0.077548,0.008266,33.089056,0.000000
P,e-puck(1),-0.077378,0.008832,30.515044,0.000000
P,e-puck(1),-0.077527,0.009143,27.787895,0.000000
P,e-puck(1),-0.077688,0.009517,25.103463,0.000000
P,e-puck(1),-0.077844,0.009878,22.508342,0.000000
P,e-puck(1),-0.078399,0.009532,20.779197,0.000000
P,e-puck(1),-0.078097,0.010153,18.566939,0.000000
P,e-puck(1),-0.078230,0.010366,15.948173,0.000000
P,e-puck(1),-0.078363,0.010283,13.373127,0.000000
P,e-puck(1),-0.078768,0.010537,12.932584,0.000000
P,e-puck(1),-0.078457,0.010495,11.130287,0.000000
P,e-puck(1),-0.078948,0.010401,8.554634,0.000000
P,e-puck(1),-0.079171,0.010791,8.195620,0.000000
P,e-puck(1),-0.079206,0.011051,5.657614,0.000000
P,e-puck(1),-0.079063,0.011387,2.834077,0.000000
P,e-puck(1),-0.078807,0.012190,2.181452,0.000000
P,e-puck(1),-0.078053,0.013432,0.568085,0.000000
P,e-puck(1),-0.078275,0.012460,359.085675,0.000000
P,e-puck(1),-0.078119,0.013138,356.514887,0.000000
P,e-puck(1),-0.079033,0.012130,354.825885,0.000000
P,e-puck(1),-0.078344,0.012334,354.211046,0.000000
P,e-puck(1),-0.078709,0.012418,353.013520,0.000000
P,e-puck(1),-0.078799,0.014042,351.108984,0.000000
P,e-puck(1),-0.079195,0.012914,349.645800,0.000000
P,e-puck(1),-0.078749,0.012978,346.974689,0.000000
P,e-puck(1),-0.077739,0.014055,344.602697,0.000000
P,e-puck(1),-0.077545,0.014429,341.778933,0.000000
P,e-puck(1),-0.077421,0.014734,339.203560,0.000000
P,e-puck(1),-0.077160,0.014923,336.381861,0.000000
P,e-puck(1),-0.076700,0.015770,334.441487,0.000000
P,e-puck(1),-0.076408,0.015551,332.517556,0.000000
P,e-puck(1),-0.076087,0.015825,329.998985,0.000000
P,e-puck(1),-0.076176,0.015410,327.756949,0.000000
P,e-puck(1),-0.075397,0.016193,325.622983,0.000000
P,e-puck(1),-0.075761,0.015576,323.584288,0.000000
P,e-puck(1),-0.075480,0.015828,322.375023,0.000000
P,e-puck(1),-0.075680,0.016082,320.252994,0.000000
P,e-puck(1),-0.074933,0.015369,319.129670,0.000000
P,e-puck(1),-0.074615,0.015673,317.299260,0.000000
P,e-puck(1),-0.073582,0.016207,315.126544,0.000000
P,e-puck(1),-0.073735,0.016181,312.626835,0.000000
P,e-puck(1),-0.073254,0.016444,310.855485,0.000000
P,e-puck(1),-0.073102,0.015922,309.376401,0.000000
P,e-puck(1),-0.073093,0.016372,306.770633,0.000000
P,e-puck(1),-0.072764,0.016683,304.122038,0.000000
P,e-puck(1),-0.071976,0.016265,301.476635,0.000000
P,e-puck(1),-0.073573,0.016489,299.243337,0.000000
P,e-puck(1),-0.072053,0.016604,297.324807,0.000000
P,e-puck(1),-0.071209,0.017105,294.454083,0.000000
P,e-puck(1),-0.070690,0.017211,291.770055,0.000000
P,e-puck(1),-0.070150,0.017064,289.045124,0.000000
P,e-puck(1),-0.070367,0.018603,287.740571,0.000000
P,e-puck(1),-0.069866,0.017705,287.493611,0.000000
P,e-puck(1),-0.069350,0.017557,284.922250,0.000000
P,e-puck(1),-0.068798,0.017239,282.227987,0.000000
P,e-puck(1),-0.069035,0.017598,282.222078,0.000000
P,e-puck(1),-0.068588,0.017083,281.443941,0.000000
P,e-puck(1),-0.068261,0.017140,279.384946,0.000000
P,e-puck(1),-0.067933,0.017185,277.139800,0.000000
P,e-puck(1),-0.067706,0.016920,275.507334,0.000000
P,e-puck(1),-0.067430,0.017514,273.514941,0.000000
P,e-puck(1),-0.067111,0.017479,272.004917,0.000000
P,e-puck(1),-0.066722,0.017117,270.206526,0.000000
P,e-puck(1),-0.066301,0.016924,267.654326,0.000000
P,e-puck(1),-0.065837,0.017075,264.954749,0.000000
P,e-puck(1),-0.065733,0.016689,264.090395,0.000000
P,e-puck(1),-0.065445,0.016570,261.611625,0.000000
P,e-puck(1),-0.065156,0.016518,259.195770,0.000000
P,e-puck(1),-0.064772,0.016567,259.668090,0.000000
P,e-puck(1),-0.065213,0.016512,259.667280,0.000000
P,e-puck(1),-0.065342,0.016105,258.759065,0.000000
P,e-puck(1),-0.065101,0.016449,257.795000,0.000000
P,e-puck(1),-0.064847,0.015918,255.896351,0.000000
P,e-puck(1),-0.064546,0.015738,254.234787,0.000000
P,e-puck(1),-0.064399,0.016191,254.482360,0.000000
P,e-puck(1),-0.064418,0.015789,254.437447,0.000000
P,e-puck(1),-0.064149,0.015571,251.863216,0.000000
P,e-puck(1),-0.063484,0.015619,249.258367,0.000000
P,e-puck(1),-0.063586,0.015044,247.202249,0.000000
P,e-puck(1),-0.063146,0.015117,244.949135,0.000000
P,e-puck(1),-0.062960,0.014831,242.870589,0.000000
P,e-puck(1),-0.062931,0.014206,241.065070,0.000000
P,e-puck(1),-0.063345,0.013839,240.846050,0.000000
P,e-puck(1),-0.063036,0.013562,238.814439,0.000000
P,e-puck(1),-0.063027,0.013320,237.525782,0.000000
P,e-puck(1),-0.062744,0.013100,234.907855,0.000000
P,e-puck(1),-0.062342,0.013074,232.336914,0.000000
P,e-puck(1),-0.062055,0.012891,229.575682,0.000000
P,e-puck(1),-0.061629,0.012674,226.758981,0.000000
P,e-puck(1),-0.061230,0.012589,223.966468,0.000000
P,e-puck(1),-0.061084,0.012165,221.142859,0.000000
P,e-puck(1),-0.060680,0.012054,218.361781,0.000000
P,e-puck(1),-0.060597,0.011604,215.586646,0.000000
P,e-puck(1),-0.060252,0.011317,212.857406,0.000000
P,e-puck(1),-0.059924,0.011097,210.062201,0.000000
P,e-puck(1),-0.059810,0.010700,207.366647,0.000000
P,e-puck(1),-0.059806,0.010379,205.145607,0.000000
P,e-puck(1),-0.059329,0.010576,203.787085,0.000000
P,e-puck(1),-0.058801,0.010646,202.827917,0.000000
P,e-puck(1),-0.057444,0.011146,202.472277,0.000000
P,e-puck(1),-0.057879,0.010917,201.555861,0.000000
P,e-puck(1),-0.057634,0.010983,200.910656,0.000000
P,e-puck(1),-0.056343,0.009285,199.798781,0.000000
P,e-puck(1),-0.057099,0.010685,199.762075,0.000000
P,e-puck(1),-0.056152,0.011293,199.818861,0.000000
P,e-puck(1),-0.055781,0.011100,200.073630,0.000000
P,e-puck(1),-0.055934,0.011468,200.171399,0.000000
P,e-puck(1),-0.055351,0.011917,200.293210,0.000000
P,e-puck(1),-0.055190,0.012493,201.586013,0.000000
P,e-puck(1),-0.055151,0.012784,202.603911,0.000000
P,e-puck(1),-0.054390,0.013324,203.262444,0.000000
P,e-puck(1),-0.054468,0.013400,203.252761,0.000000
P,e-puck(1),-0.053940,0.013616,203.241836,0.000000
P,e-puck(1),-0.053476,0.013852,203.077195,0.000000
P,e-puck(1),-0.053910,0.013776,203.438611,0.000000
P,e-puck(1),-0.053651,0.013961,203.230787,0.000000
P,e-puck(1),-0.053125,0.014334,203.669695,0.000000
P,e-puck(1),-0.052774,0.014650,204.104932,0.000000
P,e-puck(1),-0.052069,0.015117,204.103481,0.000000
P,e-puck(1),-0.051348,0.015412,204.064564,0.000000
P,e-puck(1),-0.051350,0.015736,204.183007,0.000000
P,e-puck(1),-0.051138,0.015894,203.920826,0.000000
P,e-puck(1),-0.050447,0.015685,204.732348,0.000000
P,e-puck(1),-0.050472,0.016046,204.581102,0.000000
P,e-puck(1),-0.051387,0.017408,205.296432,0.000000
P,e-puck(1),-0.051065,0.016674,205.118437,0.000000
P,e-puck(1),-0.050940,0.016713,205.427631,0.000000
P,e-puck(1),-0.050700,0.015473,203.758918,0.000000
P,e-puck(1),-0.050241,0.016661,204.252592,0.000000
P,e-puck(1),-0.050655,0.016411,203.640160,0.000000
P,e-puck(1),-0.050584,0.016619,203.369999,0.000000
P,e-puck(1),-0.050387,0.016853,203.374275,0.000000
P,e-puck(1),-0.050867,0.016854,203.521621,0.000000
P,e-puck(1),-0.050697,0.017220,204.049072,0.000000
P,e-puck(1),-0.051075,0.018028,205.389597,0.000000
P,e-puck(1),-0.050968,0.017739,205.640395,0.000000
P,e-puck(1),-0.050587,0.018069,205.728593,0.000000
P,e-puck(1),-0.050783,0.018340,205.947272,0.000000
P,e-puck(1),-0.051900,0.020577,207.972473,0.000000
P,e-puck(1),-0.051447,0.019627,208.222613,0.000000
P,e-puck(1),-0.051185,0.019345,208.239489,0.000000
P,e-puck(1),-0.051344,0.019287,208.091178,0.000000
P,e-puck(1),-0.050623,0.019651,208.294787,0.000000
P,e-puck(1),-0.050520,0.019381,206.565161,0.000000
P,e-puck(1),-0.050806,0.019330,206.632308,0.000000
P,e-puck(1),-0.050040,0.019547,205.800495,0.000000
P,e-puck(1),-0.047873,0.019903,204.537226,0.000000
P,e-puck(1),-0.049391,0.019712,204.496093,0.000000
P,e-puck(1),-0.049997,0.020263,205.081424,0.000000
P,e-puck(1),-0.049136,0.020827,205.950830,0.000000
P,e-puck(1),-0.048726,0.021023,205.513974,0.000000
P,e-puck(1),-0.048771,0.021415,205.388965,0.000000
P,e-puck(1),-0.048802,0.021316,204.950219,0.000000
P,e-puck(1),-0.048261,0.021209,204.432566,0.000000
P,e-puck(1),-0.047917,0.021343,204.309504,0.000000
P,e-puck(1),-0.048089,0.021320,203.477185,0.000000
P,e-puck(1),-0.048170,0.021101,202.441655,0.000000
P,e-puck(1),-0.048357,0.020938,201.668394,0.000000
P,e-puck(1),-0.048175,0.021181,201.903813,0.000000
P,e-puck(1),-0.048045,0.021558,202.608619,0.000000
P,e-puck(1),-0.048034,0.021332,202.512389,0.000000
P,e-puck(1),-0.047590,0.021183,201.656926,0.000000
P,e-puck(1),-0.046764,0.021293,200.868545,0.000000
P,e-puck(1),-0.046819,0.021439,200.583824,0.000000
P,e-puck(1),-0.047105,0.021385,200.536294,0.000000
P,e-puck(1),-0.045490,0.021868,199.863234,0.000000
P,e-puck(1),-0.046541,0.021416,199.754303,0.000000
P,e-puck(1),-0.046082,0.021451,199.054125,0.000000
P,e-puck(1),-0.044876,0.021808,198.605185,0.000000
P,e-puck(1),-0.045761,0.021608,198.865146,0.000000
