P,e-puck(6),-0.620834,0.226223,229.526701,0.000000
P,e-puck(6),-0.620862,0.226247,229.526662,0.000000
P,e-puck(6),-0.620636,0.226548,229.526581,0.000000
P,e-puck(6),-0.620207,0.227075,229.526514,0.000000
P,e-puck(6),-0.619398,0.228038,229.526435,0.000000
P,e-puck(6),-0.618579,0.229007,229.526381,0.000000
P,e-puck(6),-0.617755,0.229979,229.526341,0.000000
P,e-puck(6),-0.616926,0.230954,229.526313,0.000000
P,e-puck(6),-0.616093,0.231933,229.526294,0.000000
P,e-puck(6),-0.615256,0.232916,229.526284,0.000000
P,e-puck(6),-0.614415,0.233903,229.526279,0.000000
P,e-puck(6),-0.613571,0.234892,229.526276,0.000000
P,e-puck(6),-0.612725,0.235884,229.526270,0.000000
P,e-puck(6),-0.611878,0.236877,229.526260,0.000000
P,e-puck(6),-0.611031,0.237870,229.526244,0.000000
P,e-puck(6),-0.610185,0.238862,229.526223,0.000000
P,e-puck(6),-0.609340,0.239852,229.526198,0.000000
P,e-puck(6),-0.608497,0.240839,229.526173,0.000000
P,e-puck(6),-0.607658,0.241823,229.526151,0.000000
P,e-puck(6),-0.606822,0.242803,229.526135,0.000000
P,e-puck(6),-0.605990,0.243778,229.526127,0.000000
P,e-puck(6),-0.605162,0.244749,229.526128,0.000000
P,e-puck(6),-0.604337,0.245715,229.526136,0.000000
P,e-puck(6),-0.603515,0.246678,229.526149,0.000000
P,e-puck(6),-0.602696,0.247638,229.526164,0.000000
P,e-puck(6),-0.601880,0.248595,229.526178,0.000000
P,e-puck(6),-0.601064,0.249551,229.526189,0.000000
P,e-puck(6),-0.600248,0.250507,229.526194,0.000000
P,e-puck(6),-0.599432,0.251464,229.526196,0.000000
P,e-puck(6),-0.598614,0.252422,229.526195,0.000000
P,e-puck(6),-0.597794,0.253384,229.526194,0.000000
P,e-puck(6),-0.596971,0.254348,229.526196,0.000000
P,e-puck(6),-0.596145,0.255317,229.526205,0.000000
P,e-puck(6),-0.595315,0.256289,229.526220,0.000000
P,e-puck(6),-0.594481,0.257266,229.526244,0.000000
P,e-puck(6),-0.593644,0.258247,229.526275,0.000000
P,e-puck(6),-0.592804,0.259231,229.526309,0.000000
P,e-puck(6),-0.591962,0.260218,229.526345,0.000000
P,e-puck(6),-0.591118,0.261207,229.526380,0.000000
P,e-puck(6),-0.590273,0.262197,229.526410,0.000000
P,e-puck(6),-0.589429,0.263188,229.526437,0.000000
P,e-puck(6),-0.588585,0.264177,229.526458,0.000000
P,e-puck(6),-0.587742,0.265164,229.526478,0.000000
P,e-puck(6),-0.586903,0.266148,229.526497,0.000000
P,e-puck(6),-0.586066,0.267128,229.526518,0.000000
P,e-puck(6),-0.585233,0.268105,229.526543,0.000000
P,e-puck(6),-0.584403,0.269078,229.526574,0.000000
P,e-puck(6),-0.583577,0.270046,229.526608,0.000000
P,e-puck(6),-0.582754,0.271010,229.526646,0.000000
P,e-puck(6),-0.581933,0.271972,229.526684,0.000000
P,e-puck(6),-0.581116,0.272930,229.526719,0.000000
P,e-puck(6),-0.580299,0.273887,229.526749,0.000000
P,e-puck(6),-0.579483,0.274843,229.526773,0.000000
P,e-puck(6),-0.578667,0.275799,229.526789,0.000000
P,e-puck(6),-0.577850,0.276757,229.526800,0.000000
P,e-puck(6),-0.577031,0.277717,229.526809,0.000000
P,e-puck(6),-0.576209,0.278680,229.526818,0.000000
P,e-puck(6),-0.575384,0.279647,229.526831,0.000000
P,e-puck(6),-0.574555,0.280618,229.526849,0.000000
P,e-puck(6),-0.573723,0.281594,229.526874,0.000000
P,e-puck(6),-0.572887,0.282574,229.526906,0.000000
P,e-puck(6),-0.572047,0.283558,229.526941,0.000000
P,e-puck(6),-0.571204,0.284546,229.526976,0.000000
P,e-puck(6),-0.570359,0.285536,229.527008,0.000000
P,e-puck(6),-0.569513,0.286528,229.527034,0.000000
P,e-puck(6),-0.568666,0.287521,229.527051,0.000000
P,e-puck(6),-0.567819,0.288513,229.527059,0.000000
P,e-puck(6),-0.566973,0.289504,229.527059,0.000000
P,e-puck(6),-0.566129,0.290493,229.527052,0.000000
P,e-puck(6),-0.565288,0.291479,229.527044,0.000000
P,e-puck(6),-0.564450,0.292461,229.527036,0.000000
P,e-puck(6),-0.563616,0.293439,229.527032,0.000000
P,e-puck(6),-0.562786,0.294412,229.527032,0.000000
P,e-puck(6),-0.561959,0.295381,229.527038,0.000000
P,e-puck(6),-0.561136,0.296345,229.527046,0.000000
P,e-puck(6),-0.560316,0.297306,229.527054,0.000000
P,e-puck(6),-0.559498,0.298265,229.527059,0.000000
P,e-puck(6),-0.558682,0.299221,229.527059,0.000000
P,e-puck(6),-0.557867,0.300177,229.527050,0.000000
P,e-puck(6),-0.557051,0.301132,229.527033,0.000000
P,e-puck(6),-0.556235,0.302089,229.527008,0.000000
P,e-puck(6),-0.555416,0.303048,229.526979,0.000000
P,e-puck(6),-0.554595,0.304010,229.526947,0.000000
P,e-puck(6),-0.553771,0.304976,229.526917,0.000000
P,e-puck(6),-0.552944,0.305946,229.526891,0.000000
P,e-puck(6),-0.552113,0.306920,229.526869,0.000000
P,e-puck(6),-0.551278,0.307898,229.526853,0.000000
P,e-puck(6),-0.550440,0.308880,229.526841,0.000000
P,e-puck(6),-0.549599,0.309865,229.526830,0.000000
P,e-puck(6),-0.548756,0.310853,229.526817,0.000000
P,e-puck(6),-0.547912,0.311843,229.526800,0.000000
P,e-puck(6),-0.547067,0.312833,229.526776,0.000000
P,e-puck(6),-0.546222,0.313823,229.526747,0.000000
P,e-puck(6),-0.545379,0.314811,229.526713,0.000000
P,e-puck(6),-0.544537,0.315798,229.526676,0.000000
P,e-puck(6),-0.543698,0.316781,229.526638,0.000000
P,e-puck(6),-0.542863,0.317760,229.526603,0.000000
P,e-puck(6),-0.542030,0.318735,229.526572,0.000000
P,e-puck(6),-0.541202,0.319707,229.526546,0.000000
P,e-puck(6),-0.540376,0.320674,229.526524,0.000000
P,e-puck(6),-0.539554,0.321638,229.526505,0.000000
P,e-puck(6),-0.538755,0.322612,229.666500,0.000000
P,e-puck(6),-0.538159,0.323502,230.373111,0.000000
P,e-puck(6),-0.537830,0.324176,231.392224,0.000000
P,e-puck(6),-0.537731,0.324721,232.929974,0.000000
P,e-puck(6),-0.537791,0.325172,234.813969,0.000000
P,e-puck(6),-0.537961,0.325553,236.929139,0.000000
P,e-puck(6),-0.538331,0.325777,239.506337,0.000000
P,e-puck(6),-0.538714,0.325976,242.084394,0.000000
P,e-puck(6),-0.539108,0.326150,244.662400,0.000000
P,e-puck(6),-0.539511,0.326299,247.239969,0.000000
P,e-puck(6),-0.539922,0.326424,249.816981,0.000000
P,e-puck(6),-0.540338,0.326528,252.393441,0.000000
P,e-puck(6),-0.540757,0.326610,254.969411,0.000000
P,e-puck(6),-0.541179,0.326675,257.544967,0.000000
P,e-puck(6),-0.541601,0.326724,260.120186,0.000000
P,e-puck(6),-0.542023,0.326758,262.695129,0.000000
P,e-puck(6),-0.542442,0.326804,265.269852,0.000000
P,e-puck(6),-0.542863,0.326837,267.844380,0.000000
P,e-puck(6),-0.543285,0.326858,270.418734,0.000000
P,e-puck(6),-0.543710,0.326865,272.992946,0.000000
P,e-puck(6),-0.544137,0.326858,275.567048,0.000000
P,e-puck(6),-0.544565,0.326836,278.164054,0.000000
P,e-puck(6),-0.544991,0.326796,280.755386,0.000000
P,e-puck(6),-0.545416,0.326737,283.343040,0.000000
P,e-puck(6),-0.545837,0.326659,285.928245,0.000000
P,e-puck(6),-0.546105,0.326417,287.884305,0.000000
P,e-puck(6),-0.546111,0.325735,289.198093,0.000000
P,e-puck(6),-0.545958,0.324874,290.064528,0.000000
P,e-puck(6),-0.545701,0.323902,290.641396,0.000000
P,e-puck(6),-0.545246,0.322701,290.638809,0.000000
P,e-puck(6),-0.544789,0.321491,290.636805,0.000000
P,e-puck(6),-0.544329,0.320274,290.635309,0.000000
P,e-puck(6),-0.543867,0.319049,290.634219,0.000000
P,e-puck(6),-0.543404,0.317820,290.633441,0.000000
P,e-puck(6),-0.542940,0.316589,290.632899,0.000000
P,e-puck(6),-0.542476,0.315357,290.632533,0.000000
P,e-puck(6),-0.542012,0.314127,290.632292,0.000000
P,e-puck(6),-0.541551,0.312901,290.632139,0.000000
P,e-puck(6),-0.541091,0.311681,290.632044,0.000000
P,e-puck(6),-0.540647,0.310483,290.671954,0.000000
P,e-puck(6),-0.540269,0.309381,290.896533,0.000000
P,e-puck(6),-0.539890,0.308287,291.126238,0.000000
P,e-puck(6),-0.539522,0.307206,291.422664,0.000000
P,e-puck(6),-0.539148,0.306143,291.681170,0.000000
P,e-puck(6),-0.538772,0.305086,291.945240,0.000000
P,e-puck(6),-0.538416,0.304030,292.352675,0.000000
P,e-puck(6),-0.538039,0.302986,292.662774,0.000000
P,e-puck(6),-0.537659,0.301951,292.972712,0.000000
P,e-puck(6),-0.537254,0.300927,293.146853,0.000000
P,e-puck(6),-0.536861,0.299899,293.423666,0.000000
P,e-puck(6),-0.536475,0.298865,293.778376,0.000000
P,e-puck(6),-0.536073,0.297833,294.087853,0.000000
P,e-puck(6),-0.535650,0.296802,294.308245,0.000000
P,e-puck(6),-0.535211,0.295732,294.567557,0.000000
P,e-puck(6),-0.534758,0.294654,294.798659,0.000000
P,e-puck(6),-0.534309,0.293567,295.105738,0.000000
P,e-puck(6),-0.533836,0.292484,295.307601,0.000000
P,e-puck(6),-0.533372,0.291392,295.608812,0.000000
P,e-puck(6),-0.532918,0.290296,296.017612,0.000000
P,e-puck(6),-0.532438,0.289214,296.299457,0.000000
P,e-puck(6),-0.531970,0.288162,296.602453,0.000000
P,e-puck(6),-0.531507,0.287143,296.873282,0.000000
P,e-puck(6),-0.531051,0.286130,297.204468,0.000000
P,e-puck(6),-0.530587,0.285126,297.502316,0.000000
P,e-puck(6),-0.530115,0.284131,297.767664,0.000000
P,e-puck(6),-0.529640,0.283140,298.034686,0.000000
P,e-puck(6),-0.529168,0.282147,298.349028,0.000000
P,e-puck(6),-0.528677,0.281160,298.588336,0.000000
P,e-puck(6),-0.528187,0.280166,298.877608,0.000000
P,e-puck(6),-0.527672,0.279151,299.125062,0.000000
P,e-puck(6),-0.527147,0.278106,299.443020,0.000000
P,e-puck(6),-0.526609,0.277061,299.732247,0.000000
P,e-puck(6),-0.526056,0.276019,299.969218,0.000000
P,e-puck(6),-0.525507,0.274972,300.273169,0.000000
P,e-puck(6),-0.524957,0.273926,300.604489,0.000000
P,e-puck(6),-0.524395,0.272891,300.883352,0.000000
P,e-puck(6),-0.523834,0.271862,301.189477,0.000000
P,e-puck(6),-0.523256,0.270851,301.381901,0.000000
P,e-puck(6),-0.522697,0.269849,301.667182,0.000000
P,e-puck(6),-0.522127,0.268873,301.847077,0.000000
P,e-puck(6),-0.521576,0.267892,302.162511,0.000000
P,e-puck(6),-0.521013,0.266922,302.416669,0.000000
P,e-puck(6),-0.520456,0.265952,302.735703,0.000000
P,e-puck(6),-0.519895,0.264986,303.058110,0.000000
P,e-puck(6),-0.519323,0.264029,303.332266,0.000000
P,e-puck(6),-0.518750,0.263073,303.629813,0.000000
P,e-puck(6),-0.518165,0.262122,303.887139,0.000000
P,e-puck(6),-0.517567,0.261175,304.091119,0.000000
P,e-puck(6),-0.516977,0.260217,304.397559,0.000000
P,e-puck(6),-0.516369,0.259260,304.644750,0.000000
P,e-puck(6),-0.515733,0.258277,304.869273,0.000000
P,e-puck(6),-0.515086,0.257290,305.086787,0.000000
P,e-puck(6),-0.514428,0.256300,305.282062,0.000000
P,e-puck(6),-0.513767,0.255305,305.502332,0.000000
P,e-puck(6),-0.513133,0.254287,305.977779,0.000000
P,e-puck(6),-0.512480,0.253285,306.366903,0.000000
P,e-puck(6),-0.511856,0.252359,306.670529,0.000000
P,e-puck(6),-0.511233,0.251443,306.975261,0.000000
P,e-puck(6),-0.510606,0.250539,307.258623,0.000000
P,e-puck(6),-0.509968,0.249647,307.461511,0.000000
P,e-puck(6),-0.509339,0.248750,307.758081,0.000000
P,e-puck(6),-0.508688,0.247864,307.940410,0.000000
P,e-puck(6),-0.508019,0.246945,308.179122,0.000000
P,e-puck(6),-0.507318,0.245997,308.402686,0.000000
P,e-puck(6),-0.506609,0.245044,308.630776,0.000000
P,e-puck(6),-0.505889,0.244091,308.836605,0.000000
P,e-puck(6),-0.505159,0.243137,309.030789,0.000000
P,e-puck(6),-0.504423,0.242181,309.223491,0.000000
P,e-puck(6),-0.503731,0.241191,309.794847,0.000000
P,e-puck(6),-0.503066,0.240309,310.139688,0.000000
P,e-puck(6),-0.502399,0.239437,310.477835,0.000000
P,e-puck(6),-0.501726,0.238578,310.771653,0.000000
P,e-puck(6),-0.501043,0.237733,310.996559,0.000000
P,e-puck(6),-0.500347,0.236897,311.148183,0.000000
P,e-puck(6),-0.499659,0.236031,311.477029,0.000000
P,e-puck(6),-0.498909,0.235130,311.700706,0.000000
P,e-puck(6),-0.498150,0.234226,311.917163,0.000000
P,e-puck(6),-0.497399,0.233308,312.263869,0.000000
P,e-puck(6),-0.496636,0.232396,312.573556,0.000000
P,e-puck(6),-0.495865,0.231492,312.858049,0.000000
P,e-puck(6),-0.495088,0.230597,313.113193,0.000000
P,e-puck(6),-0.494302,0.229717,313.293488,0.000000
P,e-puck(6),-0.493521,0.228840,313.509503,0.000000
P,e-puck(6),-0.492744,0.227967,313.751931,0.000000
P,e-puck(6),-0.491974,0.227096,314.044807,0.000000
P,e-puck(6),-0.491191,0.226245,314.230771,0.000000
P,e-puck(6),-0.490424,0.225389,314.538365,0.000000
P,e-puck(6),-0.489659,0.224541,314.856826,0.000000
P,e-puck(6),-0.488889,0.223706,315.135090,0.000000
P,e-puck(6),-0.488119,0.222883,315.395757,0.000000
P,e-puck(6),-0.487350,0.222068,315.655658,0.000000
P,e-puck(6),-0.486580,0.221259,315.915895,0.000000
P,e-puck(6),-0.485806,0.220457,316.155756,0.000000
P,e-puck(6),-0.485026,0.219660,316.378807,0.000000
P,e-puck(6),-0.484234,0.218870,316.539461,0.000000
P,e-puck(6),-0.483377,0.218022,316.709536,0.000000
P,e-puck(6),-0.482528,0.217157,317.008307,0.000000
P,e-puck(6),-0.481677,0.216291,317.346100,0.000000
P,e-puck(6),-0.480816,0.215438,317.628442,0.000000
P,e-puck(6),-0.479946,0.214604,317.823879,0.000000
P,e-puck(6),-0.479102,0.213788,318.075373,0.000000
P,e-puck(6),-0.478272,0.213004,318.261440,0.000000
P,e-puck(6),-0.477454,0.212219,318.525777,0.000000
P,e-puck(6),-0.476643,0.211435,318.850445,0.000000
P,e-puck(6),-0.475831,0.210661,319.162164,0.000000
P,e-puck(6),-0.475015,0.209900,319.430125,0.000000
P,e-puck(6),-0.474192,0.209152,319.645137,0.000000
P,e-puck(6),-0.473370,0.208405,319.881066,0.000000
P,e-puck(6),-0.472539,0.207663,320.086886,0.000000
P,e-puck(6),-0.471696,0.206904,320.348108,0.000000
P,e-puck(6),-0.470802,0.206123,320.542145,0.000000
P,e-puck(6),-0.469898,0.205343,320.726335,0.000000
P,e-puck(6),-0.468995,0.204553,320.977120,0.000000
P,e-puck(6),-0.468088,0.203760,321.265655,0.000000
P,e-puck(6),-0.467174,0.202975,321.524227,0.000000
P,e-puck(6),-0.466256,0.202199,321.758780,0.000000
P,e-puck(6),-0.465336,0.201433,321.969939,0.000000
P,e-puck(6),-0.464420,0.200670,322.204582,0.000000
P,e-puck(6),-0.463515,0.199923,322.440922,0.000000
P,e-puck(6),-0.462619,0.199192,322.654868,0.000000
P,e-puck(6),-0.461728,0.198467,322.883740,0.000000
P,e-puck(6),-0.460839,0.197749,323.116740,0.000000
P,e-puck(6),-0.459949,0.197039,323.334087,0.000000
P,e-puck(6),-0.459052,0.196341,323.490762,0.000000
P,e-puck(6),-0.458155,0.195641,323.678862,0.000000
P,e-puck(6),-0.457261,0.194933,323.935629,0.000000
P,e-puck(6),-0.456351,0.194235,324.122985,0.000000
P,e-puck(6),-0.455427,0.193526,324.331816,0.000000
P,e-puck(6),-0.454495,0.192796,324.645042,0.000000
P,e-puck(6),-0.453556,0.192067,324.973703,0.000000
P,e-puck(6),-0.452608,0.191348,325.255061,0.000000
P,e-puck(6),-0.451655,0.190639,325.513638,0.000000
P,e-puck(6),-0.450695,0.189945,325.699912,0.000000
P,e-puck(6),-0.449741,0.189249,325.939983,0.000000
P,e-puck(6),-0.448788,0.188560,326.180890,0.000000
P,e-puck(6),-0.447835,0.187880,326.403189,0.000000
P,e-puck(6),-0.446881,0.187212,326.589800,0.000000
P,e-puck(6),-0.445930,0.186547,326.793024,0.000000
P,e-puck(6),-0.444976,0.185890,326.967680,0.000000
P,e-puck(6),-0.444022,0.185235,327.156285,0.000000
P,e-puck(6),-0.443070,0.184578,327.386227,0.000000
P,e-puck(6),-0.442115,0.183921,327.630705,0.000000
P,e-puck(6),-0.441152,0.183274,327.829701,0.000000
P,e-puck(6),-0.440182,0.182630,328.011577,0.000000
P,e-puck(6),-0.439210,0.181983,328.226394,0.000000
P,e-puck(6),-0.438233,0.181335,328.461457,0.000000
P,e-puck(6),-0.437249,0.180689,328.691210,0.000000
P,e-puck(6),-0.436254,0.180053,328.861060,0.000000
P,e-puck(6),-0.435253,0.179416,329.037533,0.000000
P,e-puck(6),-0.434255,0.178770,329.296814,0.000000
P,e-puck(6),-0.433247,0.178131,329.518157,0.000000
P,e-puck(6),-0.432237,0.177493,329.759960,0.000000
P,e-puck(6),-0.431221,0.176864,329.963530,0.000000
P,e-puck(6),-0.430204,0.176241,330.163221,0.000000
P,e-puck(6),-0.429183,0.175626,330.324497,0.000000
P,e-puck(6),-0.428161,0.175017,330.479480,0.000000
P,e-puck(6),-0.427152,0.174391,330.781711,0.000000
P,e-puck(6),-0.426230,0.173784,331.284157,0.000000
P,e-puck(6),-0.425372,0.173239,331.706758,0.000000
P,e-puck(6),-0.424520,0.172694,332.195582,0.000000
P,e-puck(6),-0.423653,0.172178,332.525641,0.000000
P,e-puck(6),-0.422790,0.171650,332.971032,0.000000
P,e-puck(6),-0.421916,0.171129,333.394048,0.000000
P,e-puck(6),-0.420974,0.170586,333.796458,0.000000
P,e-puck(6),-0.420024,0.170041,334.236634,0.000000
P,e-puck(6),-0.419058,0.169508,334.615740,0.000000
P,e-puck(6),-0.418074,0.168993,334.897947,0.000000
P,e-puck(6),-0.417068,0.168474,335.171293,0.000000
P,e-puck(6),-0.416021,0.167950,335.400808,0.000000
P,e-puck(6),-0.414968,0.167420,335.682913,0.000000
P,e-puck(6),-0.413899,0.166906,335.862748,0.000000
P,e-puck(6),-0.412831,0.166377,336.157014,0.000000
P,e-puck(6),-0.411753,0.165860,336.394140,0.000000
P,e-puck(6),-0.410665,0.165359,336.548460,0.000000
P,e-puck(6),-0.409585,0.164842,336.833466,0.000000
P,e-puck(6),-0.408508,0.164324,337.174412,0.000000
P,e-puck(6),-0.407447,0.163833,337.433807,0.000000
P,e-puck(6),-0.406433,0.163359,337.748360,0.000000
P,e-puck(6),-0.405421,0.162897,338.039362,0.000000
P,e-puck(6),-0.404409,0.162450,338.268873,0.000000
P,e-puck(6),-0.403396,0.162014,338.465169,0.000000
P,e-puck(6),-0.402378,0.161582,338.645951,0.000000
P,e-puck(6),-0.401332,0.161133,338.880005,0.000000
P,e-puck(6),-0.400212,0.160676,339.032113,0.000000
P,e-puck(6),-0.399091,0.160206,339.267449,0.000000
P,e-puck(6),-0.397968,0.159728,339.582195,0.000000
P,e-puck(6),-0.396841,0.159264,339.852551,0.000000
P,e-puck(6),-0.395715,0.158809,340.104483,0.000000
P,e-puck(6),-0.394631,0.158381,340.323146,0.000000
P,e-puck(6),-0.393549,0.157970,340.475289,0.000000
P,e-puck(6),-0.392475,0.157555,340.679491,0.000000
P,e-puck(6),-0.391406,0.157141,340.917033,0.000000
P,e-puck(6),-0.390340,0.156730,341.176429,0.000000
P,e-puck(6),-0.389271,0.156332,341.377652,0.000000
P,e-puck(6),-0.388200,0.155942,341.556496,0.000000
P,e-puck(6),-0.387126,0.155555,341.731870,0.000000
P,e-puck(6),-0.386047,0.155164,341.941991,0.000000
P,e-puck(6),-0.384919,0.154768,342.117971,0.000000
P,e-puck(6),-0.383790,0.154359,342.386346,0.000000
P,e-puck(6),-0.382651,0.153964,342.588727,0.000000
P,e-puck(6),-0.381513,0.153561,342.871165,0.000000
P,e-puck(6),-0.380374,0.153168,343.130671,0.000000
P,e-puck(6),-0.379236,0.152786,343.355812,0.000000
P,e-puck(6),-0.378102,0.152414,343.564564,0.000000
P,e-puck(6),-0.376974,0.152050,343.759746,0.000000
P,e-puck(6),-0.375849,0.151699,343.904042,0.000000
P,e-puck(6),-0.374729,0.151353,344.047955,0.000000
P,e-puck(6),-0.373616,0.151001,344.255338,0.000000
P,e-puck(6),-0.372502,0.150662,344.412806,0.000000
P,e-puck(6),-0.371391,0.150321,344.607831,0.000000
P,e-puck(6),-0.370281,0.149977,344.843624,0.000000
P,e-puck(6),-0.369165,0.149649,345.003942,0.000000
P,e-puck(6),-0.368057,0.149293,345.362572,0.000000
P,e-puck(6),-0.366950,0.148941,345.750423,0.000000
P,e-puck(6),-0.365841,0.148608,346.069790,0.000000
P,e-puck(6),-0.364730,0.148306,346.241203,0.000000
P,e-puck(6),-0.363627,0.147998,346.481014,0.000000
P,e-puck(6),-0.362521,0.147707,346.635658,0.000000
P,e-puck(6),-0.361418,0.147411,346.851331,0.000000
P,e-puck(6),-0.360311,0.147121,347.044221,0.000000
P,e-puck(6),-0.359199,0.146836,347.231067,0.000000
P,e-puck(6),-0.358054,0.146550,347.392363,0.000000
P,e-puck(6),-0.356864,0.146264,347.518370,0.000000
P,e-puck(6),-0.355665,0.145979,347.643331,0.000000
P,e-puck(6),-0.354461,0.145690,347.798706,0.000000
P,e-puck(6),-0.353250,0.145410,347.913910,0.000000
P,e-puck(6),-0.352035,0.145130,348.042778,0.000000
P,e-puck(6),-0.350818,0.144851,348.174391,0.000000
P,e-puck(6),-0.349601,0.144575,348.310371,0.000000
P,e-puck(6),-0.348385,0.144301,348.453436,0.000000
P,e-puck(6),-0.347173,0.144032,348.589560,0.000000
P,e-puck(6),-0.345967,0.143762,348.758397,0.000000
P,e-puck(6),-0.344794,0.143504,348.910576,0.000000
P,e-puck(6),-0.343627,0.143253,349.053414,0.000000
P,e-puck(6),-0.342460,0.143028,349.053419,0.000000
P,e-puck(6),-0.341294,0.142803,349.053352,0.000000
P,e-puck(6),-0.340125,0.142578,349.053292,0.000000
P,e-puck(6),-0.338858,0.142333,349.053184,0.000000
P,e-puck(6),-0.337582,0.142086,349.053091,0.000000
P,e-puck(6),-0.336299,0.141838,349.053016,0.000000
P,e-puck(6),-0.335011,0.141589,349.052963,0.000000
P,e-puck(6),-0.333719,0.141339,349.052931,0.000000
P,e-puck(6),-0.332426,0.141089,349.052918,0.000000
P,e-puck(6),-0.331134,0.140839,349.052922,0.000000
P,e-puck(6),-0.329844,0.140590,349.052939,0.000000
P,e-puck(6),-0.328560,0.140341,349.052964,0.000000
P,e-puck(6),-0.327282,0.140094,349.052993,0.000000
P,e-puck(6),-0.326018,0.139850,349.053020,0.000000
P,e-puck(6),-0.324767,0.139608,349.053040,0.000000
P,e-puck(6),-0.323525,0.139368,349.053057,0.000000
P,e-puck(6),-0.322291,0.139129,349.053073,0.000000
P,e-puck(6),-0.321062,0.138891,349.053090,0.000000
P,e-puck(6),-0.319838,0.138654,349.053112,0.000000
P,e-puck(6),-0.318617,0.138418,349.053141,0.000000
P,e-puck(6),-0.317396,0.138182,349.053179,0.000000
P,e-puck(6),-0.316173,0.137946,349.053225,0.000000
P,e-puck(6),-0.314947,0.137709,349.053277,0.000000
P,e-puck(6),-0.313716,0.137470,349.053332,0.000000
P,e-puck(6),-0.312456,0.137227,349.053371,0.000000
P,e-puck(6),-0.311189,0.136982,349.053408,0.000000
P,e-puck(6),-0.309916,0.136735,349.053442,0.000000
P,e-puck(6),-0.308637,0.136488,349.053474,0.000000
P,e-puck(6),-0.307355,0.136240,349.053506,0.000000
P,e-puck(6),-0.306071,0.135992,349.053539,0.000000
P,e-puck(6),-0.304785,0.135743,349.053572,0.000000
P,e-puck(6),-0.303500,0.135494,349.053606,0.000000
P,e-puck(6),-0.302218,0.135246,349.053639,0.000000
P,e-puck(6),-0.300940,0.134999,349.053669,0.000000
P,e-puck(6),-0.299666,0.134753,349.053694,0.000000
P,e-puck(6),-0.298399,0.134508,349.053714,0.000000
P,e-puck(6),-0.297138,0.134264,349.053730,0.000000
P,e-puck(6),-0.295884,0.134021,349.053741,0.000000
P,e-puck(6),-0.294637,0.133780,349.053747,0.000000
P,e-puck(6),-0.293395,0.133540,349.053749,0.000000
P,e-puck(6),-0.292158,0.133301,349.053749,0.000000
P,e-puck(6),-0.290925,0.133062,349.053748,0.000000
P,e-puck(6),-0.289694,0.132824,349.053748,0.000000
P,e-puck(6),-0.288464,0.132586,349.053750,0.000000
P,e-puck(6),-0.287233,0.132348,349.053753,0.000000
P,e-puck(6),-0.286000,0.132109,349.053756,0.000000
P,e-puck(6),-0.284763,0.131870,349.053758,0.000000
P,e-puck(6),-0.283539,0.131568,349.458221,0.000000
P,e-puck(6),-0.282490,0.131268,350.106588,0.000000
P,e-puck(6),-0.281881,0.130968,351.305135,0.000000
P,e-puck(6),-0.281262,0.130744,352.104499,0.000000
P,e-puck(6),-0.280430,0.130543,352.637634,0.000000
P,e-puck(6),-0.279126,0.130376,352.637919,0.000000
P,e-puck(6),-0.277811,0.130208,352.637743,0.000000
P,e-puck(6),-0.276487,0.130038,352.637409,0.000000
P,e-puck(6),-0.275159,0.129866,352.637056,0.000000
P,e-puck(6),-0.273829,0.129695,352.636743,0.000000
P,e-puck(6),-0.272502,0.129524,352.636492,0.000000
P,e-puck(6),-0.271181,0.129353,352.636301,0.000000
P,e-puck(6),-0.269919,0.129190,352.636133,0.000000
P,e-puck(6),-0.268667,0.129028,352.635999,0.000000
P,e-puck(6),-0.267422,0.128867,352.635891,0.000000
P,e-puck(6),-0.266183,0.128707,352.635806,0.000000
P,e-puck(6),-0.264949,0.128548,352.635738,0.000000
P,e-puck(6),-0.263718,0.128389,352.635684,0.000000
P,e-puck(6),-0.262487,0.128230,352.635642,0.000000
P,e-puck(6),-0.261254,0.128070,352.635606,0.000000
P,e-puck(6),-0.260018,0.127911,352.635574,0.000000
P,e-puck(6),-0.258775,0.127750,352.635541,0.000000
P,e-puck(6),-0.257500,0.127585,352.635492,0.000000
P,e-puck(6),-0.256218,0.127420,352.635441,0.000000
P,e-puck(6),-0.254929,0.127253,352.635387,0.000000
P,e-puck(6),-0.253636,0.127086,352.635332,0.000000
P,e-puck(6),-0.252339,0.126918,352.635279,0.000000
P,e-puck(6),-0.251040,0.126750,352.635227,0.000000
P,e-puck(6),-0.249740,0.126582,352.635179,0.000000
P,e-puck(6),-0.248442,0.126415,352.635136,0.000000
P,e-puck(6),-0.247148,0.126247,352.635098,0.000000
P,e-puck(6),-0.245858,0.126081,352.635065,0.000000
P,e-puck(6),-0.244683,0.125873,352.983780,0.000000
P,e-puck(6),-0.243983,0.125611,354.074410,0.000000
P,e-puck(6),-0.243526,0.125307,355.659738,0.000000
P,e-puck(6),-0.243223,0.124973,357.575279,0.000000
P,e-puck(6),-0.242906,0.124751,358.852442,0.000000
P,e-puck(6),-0.242033,0.124596,359.703663,0.000000
P,e-puck(6),-0.241021,0.124501,0.270907,0.000000
P,e-puck(6),-0.239734,0.124509,0.270604,0.000000
P,e-puck(6),-0.238439,0.124517,0.270021,0.000000
P,e-puck(6),-0.237136,0.124524,0.269406,0.000000
P,e-puck(6),-0.235827,0.124531,0.268857,0.000000
P,e-puck(6),-0.234513,0.124537,0.268408,0.000000
P,e-puck(6),-0.233198,0.124544,0.268058,0.000000
P,e-puck(6),-0.231882,0.124550,0.267795,0.000000
P,e-puck(6),-0.230568,0.124557,0.267602,0.000000
P,e-puck(6),-0.229259,0.124563,0.267463,0.000000
P,e-puck(6),-0.227954,0.124569,0.267366,0.000000
P,e-puck(6),-0.226657,0.124575,0.267299,0.000000
P,e-puck(6),-0.225380,0.124581,0.267254,0.000000
P,e-puck(6),-0.224111,0.124587,0.267226,0.000000
P,e-puck(6),-0.222849,0.124593,0.267209,0.000000
P,e-puck(6),-0.221593,0.124599,0.267202,0.000000
P,e-puck(6),-0.220342,0.124605,0.267200,0.000000
P,e-puck(6),-0.219093,0.124611,0.267203,0.000000
P,e-puck(6),-0.217846,0.124616,0.267210,0.000000
P,e-puck(6),-0.216598,0.124622,0.267220,0.000000
P,e-puck(6),-0.215348,0.124628,0.267232,0.000000
P,e-puck(6),-0.214093,0.124634,0.267246,0.000000
P,e-puck(6),-0.212841,0.124543,0.877930,0.000000
P,e-puck(6),-0.212192,0.124352,2.132698,0.000000
P,e-puck(6),-0.211752,0.124095,3.827739,0.000000
P,e-puck(6),-0.211440,0.123793,5.816607,0.000000
P,e-puck(6),-0.211392,0.123374,8.396821,0.000000
P,e-puck(6),-0.211332,0.122955,10.983610,0.000000
P,e-puck(6),-0.211261,0.122537,13.570674,0.000000
P,e-puck(6),-0.211200,0.122244,15.372651,0.000000
P,e-puck(6),-0.210434,0.122252,16.566556,0.000000
P,e-puck(6),-0.209496,0.122403,17.330951,0.000000
P,e-puck(6),-0.208468,0.122639,17.839978,0.000000
P,e-puck(6),-0.207238,0.123038,17.838483,0.000000
P,e-puck(6),-0.205998,0.123438,17.837200,0.000000
P,e-puck(6),-0.204751,0.123840,17.836187,0.000000
P,e-puck(6),-0.203499,0.124244,17.835421,0.000000
P,e-puck(6),-0.202243,0.124649,17.834857,0.000000
P,e-puck(6),-0.200986,0.125054,17.834449,0.000000
P,e-puck(6),-0.199730,0.125458,17.834158,0.000000
P,e-puck(6),-0.198478,0.125861,17.833952,0.000000
P,e-puck(6),-0.197233,0.126261,17.833810,0.000000
P,e-puck(6),-0.196004,0.126657,17.833728,0.000000
P,e-puck(6),-0.194792,0.127047,17.833693,0.000000
P,e-puck(6),-0.193588,0.127434,17.833687,0.000000
P,e-puck(6),-0.192391,0.127819,17.833698,0.000000
P,e-puck(6),-0.191200,0.128202,17.833717,0.000000
P,e-puck(6),-0.190013,0.128584,17.833738,0.000000
P,e-puck(6),-0.188829,0.128965,17.833756,0.000000
P,e-puck(6),-0.187644,0.129346,17.833766,0.000000
P,e-puck(6),-0.186459,0.129728,17.833771,0.000000
P,e-puck(6),-0.185249,0.130026,18.377478,0.000000
P,e-puck(6),-0.184551,0.130052,19.598295,0.000000
P,e-puck(6),-0.184039,0.129948,21.271119,0.000000
P,e-puck(6),-0.183643,0.129760,23.246138,0.000000
P,e-puck(6),-0.183468,0.129376,25.824521,0.000000
P,e-puck(6),-0.183283,0.128997,28.404926,0.000000
P,e-puck(6),-0.183086,0.128623,30.985600,0.000000
P,e-puck(6),-0.182877,0.128255,33.565850,0.000000
P,e-puck(6),-0.182656,0.127893,36.145407,0.000000
P,e-puck(6),-0.182420,0.127539,38.724214,0.000000
P,e-puck(6),-0.182170,0.127194,41.302314,0.000000
P,e-puck(6),-0.181905,0.126860,43.879788,0.000000
P,e-puck(6),-0.181623,0.126539,46.456724,0.000000
P,e-puck(6),-0.181325,0.126232,49.033208,0.000000
P,e-puck(6),-0.181011,0.125941,51.609312,0.000000
P,e-puck(6),-0.180679,0.125669,54.185100,0.000000
P,e-puck(6),-0.180330,0.125416,56.760622,0.000000
P,e-puck(6),-0.179967,0.125184,59.335918,0.000000
P,e-puck(6),-0.179589,0.124975,61.911017,0.000000
P,e-puck(6),-0.179200,0.124789,64.485935,0.000000
P,e-puck(6),-0.178801,0.124626,67.060686,0.000000
P,e-puck(6),-0.178393,0.124486,69.635279,0.000000
P,e-puck(6),-0.177979,0.124369,72.209722,0.000000
P,e-puck(6),-0.177560,0.124273,74.784022,0.000000
P,e-puck(6),-0.177137,0.124197,77.358187,0.000000
P,e-puck(6),-0.176713,0.124140,79.932225,0.000000
P,e-puck(6),-0.176287,0.124099,82.506146,0.000000
P,e-puck(6),-0.175862,0.124073,85.079956,0.000000
P,e-puck(6),-0.175436,0.124061,87.653661,0.000000
P,e-puck(6),-0.175011,0.124062,90.227265,0.000000
P,e-puck(6),-0.174588,0.124075,92.800782,0.000000
P,e-puck(6),-0.174156,0.124103,95.418342,0.000000
P,e-puck(6),-0.173836,0.123899,97.222685,0.000000
P,e-puck(6),-0.173545,0.123216,98.422723,0.000000
P,e-puck(6),-0.173278,0.122343,99.221082,0.000000
P,e-puck(6),-0.173022,0.121343,99.752496,0.000000
P,e-puck(6),-0.172802,0.120071,99.750206,0.000000
P,e-puck(6),-0.172581,0.118791,99.748411,0.000000
P,e-puck(6),-0.172359,0.117503,99.747069,0.000000
P,e-puck(6),-0.172137,0.116210,99.746089,0.000000
P,e-puck(6),-0.171913,0.114913,99.745388,0.000000
P,e-puck(6),-0.171690,0.113614,99.744899,0.000000
P,e-puck(6),-0.171467,0.112317,99.744570,0.000000
P,e-puck(6),-0.171245,0.111022,99.744357,0.000000
P,e-puck(6),-0.171023,0.109733,99.744226,0.000000
P,e-puck(6),-0.170803,0.108450,99.744149,0.000000
P,e-puck(6),-0.170585,0.107181,99.744104,0.000000
P,e-puck(6),-0.170370,0.105927,99.744075,0.000000
P,e-puck(6),-0.170156,0.104681,99.744059,0.000000
P,e-puck(6),-0.169838,0.103704,100.602489,0.000000
P,e-puck(6),-0.169503,0.103249,102.033432,0.000000
P,e-puck(6),-0.169130,0.102982,103.847246,0.000000
P,e-puck(6),-0.168735,0.102848,105.917762,0.000000
P,e-puck(6),-0.168438,0.102695,107.363582,0.000000
P,e-puck(6),-0.168039,0.101964,108.316863,0.000000
P,e-puck(6),-0.167628,0.101061,108.930729,0.000000
P,e-puck(6),-0.167209,0.099846,108.930298,0.000000
P,e-puck(6),-0.166788,0.098622,108.929611,0.000000
P,e-puck(6),-0.166365,0.097391,108.928919,0.000000
P,e-puck(6),-0.165940,0.096154,108.928314,0.000000
P,e-puck(6),-0.165514,0.094912,108.927827,0.000000
P,e-puck(6),-0.165087,0.093668,108.927455,0.000000
P,e-puck(6),-0.164660,0.092423,108.927185,0.000000
P,e-puck(6),-0.164234,0.091180,108.926997,0.000000
P,e-puck(6),-0.163809,0.089941,108.926869,0.000000
P,e-puck(6),-0.163385,0.088706,108.926784,0.000000
P,e-puck(6),-0.162964,0.087479,108.926725,0.000000
P,e-puck(6),-0.162550,0.086271,108.926665,0.000000
P,e-puck(6),-0.162139,0.085071,108.926612,0.000000
P,e-puck(6),-0.161730,0.083877,108.926563,0.000000
P,e-puck(6),-0.161322,0.082690,108.926518,0.000000
P,e-puck(6),-0.160917,0.081507,108.926480,0.000000
P,e-puck(6),-0.160512,0.080327,108.926450,0.000000
P,e-puck(6),-0.160108,0.079149,108.926428,0.000000
P,e-puck(6),-0.159704,0.077969,108.926415,0.000000
P,e-puck(6),-0.159299,0.076788,108.926409,0.000000
P,e-puck(6),-0.158892,0.075602,108.926405,0.000000
P,e-puck(6),-0.158483,0.074410,108.926400,0.000000
P,e-puck(6),-0.158070,0.073206,108.926383,0.000000
P,e-puck(6),-0.157653,0.071988,108.926351,0.000000
P,e-puck(6),-0.157233,0.070764,108.926310,0.000000
P,e-puck(6),-0.156812,0.069535,108.926263,0.000000
P,e-puck(6),-0.156253,0.068363,109.784865,0.000000
P,e-puck(6),-0.155857,0.067991,111.215623,0.000000
P,e-puck(6),-0.155452,0.067803,113.029184,0.000000
P,e-puck(6),-0.155045,0.067742,115.098294,0.000000
P,e-puck(6),-0.154664,0.067950,117.677662,0.000000
P,e-puck(6),-0.154299,0.068182,120.258389,0.000000
P,e-puck(6),-0.153984,0.068411,122.594703,0.000000
P,e-puck(6),-0.153627,0.068388,124.333124,0.000000
P,e-puck(6),-0.153048,0.067884,125.490530,0.000000
P,e-puck(6),-0.152407,0.067211,126.261275,0.000000
P,e-puck(6),-0.151722,0.066426,126.774620,0.000000
P,e-puck(6),-0.150950,0.065396,126.773058,0.000000
P,e-puck(6),-0.150174,0.064359,126.771689,0.000000
P,e-puck(6),-0.149393,0.063316,126.770576,0.000000
P,e-puck(6),-0.148610,0.062268,126.769706,0.000000
P,e-puck(6),-0.147824,0.061217,126.769054,0.000000
P,e-puck(6),-0.147037,0.060165,126.768579,0.000000
P,e-puck(6),-0.146237,0.059125,126.876396,0.000000
P,e-puck(6),-0.145452,0.058080,126.880004,0.000000
P,e-puck(6),-0.144672,0.057040,126.879880,0.000000
P,e-puck(6),-0.143919,0.056168,127.333788,0.000000
P,e-puck(6),-0.143270,0.055498,127.965678,0.000000
P,e-puck(6),-0.142706,0.055117,129.191641,0.000000
P,e-puck(6),-0.142169,0.054727,130.179131,0.000000
P,e-puck(6),-0.141568,0.054191,130.837867,0.000000
P,e-puck(6),-0.140813,0.053435,131.277002,0.000000
P,e-puck(6),-0.139967,0.052474,131.277073,0.000000
P,e-puck(6),-0.139116,0.051506,131.276765,0.000000
P,e-puck(6),-0.138798,0.051133,131.905602,0.000000
P,e-puck(6),-0.138697,0.050698,132.236162,0.000000
P,e-puck(6),-0.138913,0.050296,133.326406,0.000000
P,e-puck(6),-0.139221,0.049294,133.328643,0.000000
P,e-puck(6),-0.139590,0.048317,133.329628,0.000000
P,e-puck(6),-0.139730,0.047356,133.329993,0.000000
P,e-puck(6),-0.139730,0.046405,133.330057,0.000000
P,e-puck(6),-0.139645,0.045462,133.329981,0.000000
P,e-puck(6),-0.139504,0.044522,133.329860,0.000000
P,e-puck(6),-0.138951,0.043586,133.329736,0.000000
P,e-puck(6),-0.138492,0.042652,133.329611,0.000000
P,e-puck(6),-0.137966,0.041707,133.329426,0.000000
P,e-puck(6),-0.137710,0.040778,133.329402,0.000000
P,e-puck(6),-0.137438,0.039849,133.329386,0.000000
P,e-puck(6),-0.137437,0.038919,133.329373,0.000000
P,e-puck(6),-0.137207,0.037989,133.329370,0.000000
P,e-puck(6),-0.136809,0.037058,133.329368,0.000000
P,e-puck(6),-0.136472,0.036128,133.329366,0.000000
P,e-puck(6),-0.135992,0.035197,133.329368,0.000000
P,e-puck(6),-0.135866,0.034265,133.329388,0.000000
P,e-puck(6),-0.135776,0.033334,133.329406,0.000000
P,e-puck(6),-0.135959,0.032403,133.329422,0.000000
P,e-puck(6),-0.136226,0.031472,133.329434,0.000000
P,e-puck(6),-0.136614,0.030541,133.329443,0.000000
P,e-puck(6),-0.137156,0.029610,133.329455,0.000000
P,e-puck(6),-0.137681,0.028679,133.329469,0.000000
P,e-puck(6),-0.137971,0.027748,133.329485,0.000000
P,e-puck(6),-0.138305,0.026817,133.329486,0.000000
P,e-puck(6),-0.138703,0.025886,133.329497,0.000000
P,e-puck(6),-0.139020,0.024955,133.329507,0.000000
P,e-puck(6),-0.139309,0.024024,133.329520,0.000000
P,e-puck(6),-0.139536,0.023092,133.329540,0.000000
P,e-puck(6),-0.139794,0.022161,133.329565,0.000000
P,e-puck(6),-0.140081,0.021229,133.329592,0.000000
P,e-puck(6),-0.140467,0.020298,133.329621,0.000000
P,e-puck(6),-0.140866,0.019367,133.329655,0.000000
P,e-puck(6),-0.141249,0.018435,133.329694,0.000000
P,e-puck(6),-0.141618,0.017504,133.329737,0.000000
P,e-puck(6),-0.141971,0.016573,133.329779,0.000000
P,e-puck(6),-0.142224,0.015642,133.329816,0.000000
P,e-puck(6),-0.142441,0.014711,133.329864,0.000000
P,e-puck(6),-0.142667,0.013780,133.329900,0.000000
P,e-puck(6),-0.142955,0.012848,133.329935,0.000000
P,e-puck(6),-0.143242,0.011917,133.329967,0.000000
P,e-puck(6),-0.143516,0.010986,133.329995,0.000000
P,e-puck(6),-0.143776,0.010054,133.330016,0.000000
P,e-puck(6),-0.144023,0.009123,133.330038,0.000000
P,e-puck(6),-0.144257,0.008192,133.330058,0.000000
P,e-puck(6),-0.144478,0.007260,133.330076,0.000000
P,e-puck(6),-0.144487,0.006330,133.330086,0.000000
P,e-puck(6),-0.144576,0.005398,133.330104,0.000000
P,e-puck(6),-0.144760,0.004467,133.330117,0.000000
P,e-puck(6),-0.144928,0.003536,133.330135,0.000000
P,e-puck(6),-0.145085,0.002605,133.330154,0.000000
P,e-puck(6),-0.145233,0.001673,133.330170,0.000000
P,e-puck(6),-0.145369,0.000742,133.330183,0.000000
P,e-puck(6),-0.145492,-0.000189,133.330193,0.000000
P,e-puck(6),-0.145602,-0.001120,133.330201,0.000000
P,e-puck(6),-0.145701,-0.002052,133.330207,0.000000
P,e-puck(6),-0.145788,-0.002983,133.330211,0.000000
P,e-puck(6),-0.145862,-0.003914,133.330212,0.000000
P,e-puck(6),-0.145925,-0.004845,133.330212,0.000000
P,e-puck(6),-0.145976,-0.005776,133.330210,0.000000
P,e-puck(6),-0.146015,-0.006708,133.330205,0.000000
P,e-puck(6),-0.145958,-0.007335,133.965783,0.000000
P,e-puck(6),-0.145976,-0.008255,133.966106,0.000000
P,e-puck(6),-0.145983,-0.009177,133.966151,0.000000
P,e-puck(6),-0.145979,-0.010098,133.966095,0.000000
P,e-puck(6),-0.145963,-0.011019,133.966004,0.000000
P,e-puck(6),-0.145926,-0.011370,134.140114,0.000000
P,e-puck(6),-0.145889,-0.011886,134.292455,0.000000
P,e-puck(6),-0.145853,-0.012801,134.292510,0.000000
P,e-puck(6),-0.145804,-0.013718,134.292487,0.000000
P,e-puck(6),-0.145743,-0.014634,134.292438,0.000000
P,e-puck(6),-0.145670,-0.015550,134.292382,0.000000
P,e-puck(6),-0.145586,-0.016467,134.292328,0.000000
P,e-puck(6),-0.145490,-0.017383,134.292278,0.000000
P,e-puck(6),-0.145382,-0.018299,134.292234,0.000000
P,e-puck(6),-0.145263,-0.019216,134.292194,0.000000
P,e-puck(6),-0.145132,-0.020132,134.292159,0.000000
P,e-puck(6),-0.145058,-0.020944,133.849398,0.000000
P,e-puck(6),-0.145025,-0.021695,133.104150,0.000000
P,e-puck(6),-0.145007,-0.021909,132.567931,0.000000
P,e-puck(6),-0.144955,-0.022045,132.242120,0.000000
P,e-puck(6),-0.145447,-0.021557,132.024487,0.000000
P,e-puck(6),-0.146223,-0.020818,131.515963,0.000000
P,e-puck(6),-0.147087,-0.019840,131.515683,0.000000
P,e-puck(6),-0.147958,-0.018855,131.515590,0.000000
P,e-puck(6),-0.148834,-0.017865,131.515580,0.000000
P,e-puck(6),-0.149775,-0.016938,130.948725,0.000000
P,e-puck(6),-0.150407,-0.016425,130.056937,0.000000
P,e-puck(6),-0.150931,-0.016164,128.604226,0.000000
P,e-puck(6),-0.151387,-0.016065,126.777049,0.000000
P,e-puck(6),-0.151836,-0.015969,124.906214,0.000000
P,e-puck(6),-0.152200,-0.015803,123.659003,0.000000
P,e-puck(6),-0.152800,-0.015141,122.827647,0.000000
P,e-puck(6),-0.153426,-0.014333,122.273665,0.000000
P,e-puck(6),-0.154111,-0.013244,122.274090,0.000000
P,e-puck(6),-0.154801,-0.012148,122.274736,0.000000
P,e-puck(6),-0.155496,-0.011046,122.275374,0.000000
P,e-puck(6),-0.156195,-0.009938,122.275924,0.000000
P,e-puck(6),-0.156886,-0.009101,121.418375,0.000000
P,e-puck(6),-0.157398,-0.008644,120.176207,0.000000
P,e-puck(6),-0.157859,-0.008157,119.215426,0.000000
P,e-puck(6),-0.158345,-0.007496,118.574914,0.000000
P,e-puck(6),-0.158933,-0.006706,117.709733,0.000000
P,e-puck(6),-0.159492,-0.006134,116.275070,0.000000
P,e-puck(6),-0.159918,-0.005931,114.459958,0.000000
P,e-puck(6),-0.160249,-0.005676,113.249589,0.000000
P,e-puck(6),-0.160719,-0.004909,112.442647,0.000000
P,e-puck(6),-0.161187,-0.003997,111.904833,0.000000
P,e-puck(6),-0.161664,-0.002804,111.905119,0.000000
P,e-puck(6),-0.162145,-0.001605,111.905682,0.000000
P,e-puck(6),-0.162629,-0.000398,111.906268,0.000000
P,e-puck(6),-0.163237,0.000753,111.048864,0.000000
P,e-puck(6),-0.163627,0.001132,109.618492,0.000000
P,e-puck(6),-0.164012,0.001348,107.806136,0.000000
P,e-puck(6),-0.164339,0.001585,106.334471,0.000000
P,e-puck(6),-0.164690,0.001948,104.891086,0.000000
P,e-puck(6),-0.165054,0.002580,103.718125,0.000000
P,e-puck(6),-0.165387,0.003420,102.936287,0.000000
P,e-puck(6),-0.165706,0.003267,102.249629,0.000000
P,e-puck(6),-0.166048,0.003044,101.244317,0.000000
P,e-puck(6),-0.166386,0.002976,100.113777,0.000000
P,e-puck(6),-0.166725,0.003076,98.456376,0.000000
P,e-puck(6),-0.166875,0.003774,98.451532,0.000000
P,e-puck(6),-0.166739,0.003230,98.767971,0.000000
P,e-puck(6),-0.167172,0.003028,97.722255,0.000000
P,e-puck(6),-0.167453,0.003357,96.756254,0.000000
P,e-puck(6),-0.167673,0.003563,96.144461,0.000000
P,e-puck(6),-0.167811,0.003808,96.137291,0.000000
P,e-puck(6),-0.168117,0.005014,95.459982,0.000000
P,e-puck(6),-0.168195,0.005035,95.455740,0.000000
P,e-puck(6),-0.168324,0.005159,95.444232,0.000000
P,e-puck(6),-0.168450,0.005280,95.437119,0.000000
P,e-puck(6),-0.168574,0.005427,95.433332,0.000000
P,e-puck(6),-0.168697,0.005706,95.429555,0.000000
P,e-puck(6),-0.168896,0.006082,94.770471,0.000000
P,e-puck(6),-0.169199,0.006567,93.202865,0.000000
P,e-puck(6),-0.169527,0.007024,91.352106,0.000000
P,e-puck(6),-0.169792,0.007248,89.793907,0.000000
P,e-puck(6),-0.170033,0.007345,88.342580,0.000000
P,e-puck(6),-0.170144,0.007460,87.599256,0.000000
P,e-puck(6),-0.170174,0.007639,87.237990,0.000000
P,e-puck(6),-0.170225,0.007778,86.619823,0.000000
P,e-puck(6),-0.170155,0.007820,86.573675,0.000000
P,e-puck(6),-0.170076,0.007824,86.571039,0.000000
P,e-puck(6),-0.169999,0.008286,86.567414,0.000000
P,e-puck(6),-0.169922,0.008471,86.568641,0.000000
P,e-puck(6),-0.169827,0.010768,86.384739,0.000000
P,e-puck(6),-0.169880,0.009994,86.306375,0.000000
P,e-puck(6),-0.170018,0.010207,85.413401,0.000000
P,e-puck(6),-0.170217,0.010425,84.066769,0.000000
P,e-puck(6),-0.170101,0.011103,84.070518,0.000000
P,e-puck(6),-0.170322,0.010690,82.646302,0.000000
P,e-puck(6),-0.170712,0.010607,80.372004,0.000000
P,e-puck(6),-0.170865,0.010491,78.852741,0.000000
P,e-puck(6),-0.170924,0.010707,77.840487,0.000000
P,e-puck(6),-0.170688,0.011409,77.847735,0.000000
P,e-puck(6),-0.170677,0.011168,77.621937,0.000000
P,e-puck(6),-0.170207,0.012807,77.618099,0.000000
P,e-puck(6),-0.170471,0.011673,77.443681,0.000000
P,e-puck(6),-0.170114,0.013015,77.135192,0.000000
P,e-puck(6),-0.170331,0.012126,77.006116,0.000000
P,e-puck(6),-0.170597,0.012321,75.161499,0.000000
P,e-puck(6),-0.170885,0.012560,73.085629,0.000000
P,e-puck(6),-0.171372,0.012473,70.282721,0.000000
P,e-puck(6),-0.171654,0.012520,68.128043,0.000000
P,e-puck(6),-0.172131,0.012582,65.305059,0.000000
P,e-puck(6),-0.172605,0.012684,62.481751,0.000000
P,e-puck(6),-0.173073,0.012809,59.659568,0.000000
P,e-puck(6),-0.173533,0.012959,56.839716,0.000000
P,e-puck(6),-0.173942,0.013163,54.124501,0.000000
P,e-puck(6),-0.174311,0.013406,51.484989,0.000000
P,e-puck(6),-0.174358,0.013785,49.559686,0.000000
P,e-puck(6),-0.174522,0.014069,47.336408,0.000000
P,e-puck(6),-0.174700,0.014376,45.049930,0.000000
P,e-puck(6),-0.174506,0.014629,43.527544,0.000000
P,e-puck(6),-0.174056,0.014730,42.514104,0.000000
P,e-puck(6),-0.173433,0.014770,41.839356,0.000000
P,e-puck(6),-0.172478,0.014751,41.841839,0.000000
P,e-puck(6),-0.171523,0.014779,41.843933,0.000000
P,e-puck(6),-0.170569,0.015257,41.845544,0.000000
P,e-puck(6),-0.169615,0.015373,41.846813,0.000000
P,e-puck(6),-0.168661,0.015400,41.847761,0.000000
P,e-puck(6),-0.167712,0.015477,41.848537,0.000000
P,e-puck(6),-0.166946,0.015555,42.533363,0.000000
P,e-puck(6),-0.166805,0.015753,43.997703,0.000000
P,e-puck(6),-0.165962,0.016488,43.999217,0.000000
P,e-puck(6),-0.165198,0.017079,43.695944,0.000000
P,e-puck(6),-0.165592,0.017505,43.365388,0.000000
P,e-puck(6),-0.165477,0.017743,42.316142,0.000000
P,e-puck(6),-0.164894,0.018016,40.478541,0.000000
P,e-puck(6),-0.165508,0.017845,40.477400,0.000000
P,e-puck(6),-0.165367,0.018215,39.953093,0.000000
P,e-puck(6),-0.165253,0.018569,40.448020,0.000000
P,e-puck(6),-0.165217,0.019023,40.002606,0.000000
P,e-puck(6),-0.164918,0.019815,39.731467,0.000000
P,e-puck(6),-0.164502,0.019454,38.901037,0.000000
P,e-puck(6),-0.164672,0.020060,38.901945,0.000000
P,e-puck(6),-0.163394,0.019362,38.786177,0.000000
P,e-puck(6),-0.163741,0.021210,38.576983,0.000000
P,e-puck(6),-0.162561,0.020663,37.351618,0.000000
P,e-puck(6),-0.163061,0.021924,37.200420,0.000000
P,e-puck(6),-0.162728,0.022974,37.143921,0.000000
P,e-puck(6),-0.162239,0.022991,37.765927,0.000000
P,e-puck(6),-0.162651,0.024185,37.494185,0.000000
P,e-puck(6),-0.162293,0.024128,38.203199,0.000000
P,e-puck(6),-0.162513,0.025070,38.403687,0.000000
P,e-puck(6),-0.161987,0.024755,37.339591,0.000000
P,e-puck(6),-0.161913,0.025689,37.018973,0.000000
P,e-puck(6),-0.161376,0.026331,37.079014,0.000000
P,e-puck(6),-0.161289,0.026957,37.075325,0.000000
P,e-puck(6),-0.161706,0.027181,37.790630,0.000000
P,e-puck(6),-0.159899,0.027926,38.722299,0.000000
P,e-puck(6),-0.161292,0.027961,38.718125,0.000000
P,e-puck(6),-0.161007,0.028881,40.415602,0.000000
P,e-puck(6),-0.161053,0.028504,40.879851,0.000000
P,e-puck(6),-0.160524,0.029282,41.911222,0.000000
P,e-puck(6),-0.159887,0.030155,41.909427,0.000000
P,e-puck(6),-0.158976,0.031024,41.908329,0.000000
P,e-puck(6),-0.158012,0.031875,41.909987,0.000000
P,e-puck(6),-0.157251,0.032322,41.909089,0.000000
P,e-puck(6),-0.156631,0.033071,41.651103,0.000000
P,e-puck(6),-0.155902,0.033721,41.650141,0.000000
P,e-puck(6),-0.155034,0.034573,41.649395,0.000000
P,e-puck(6),-0.154810,0.035283,40.994005,0.000000
P,e-puck(6),-0.154756,0.035835,41.060278,0.000000
P,e-puck(6),-0.154256,0.036371,40.842668,0.000000
P,e-puck(6),-0.154331,0.036770,40.372198,0.000000
P,e-puck(6),-0.154073,0.036802,39.928027,0.000000
P,e-puck(6),-0.153680,0.037231,39.578960,0.000000
P,e-puck(6),-0.151803,0.038656,39.564851,0.000000
P,e-puck(6),-0.152833,0.038078,39.597425,0.000000
P,e-puck(6),-0.153208,0.038359,38.363872,0.000000
P,e-puck(6),-0.152605,0.038690,38.433742,0.000000
P,e-puck(6),-0.152284,0.039087,38.183519,0.000000
P,e-puck(6),-0.152112,0.039197,38.163206,0.000000
P,e-puck(6),-0.151318,0.039836,38.143010,0.000000
P,e-puck(6),-0.151182,0.039928,38.144998,0.000000
P,e-puck(6),-0.151281,0.040095,38.404189,0.000000
P,e-puck(6),-0.150919,0.040236,38.245498,0.000000
P,e-puck(6),-0.150293,0.040645,38.021305,0.000000
P,e-puck(6),-0.149914,0.040883,38.216531,0.000000
P,e-puck(6),-0.149454,0.040373,39.177747,0.000000
P,e-puck(6),-0.149145,0.040494,41.764873,0.000000
P,e-puck(6),-0.148711,0.040452,44.260568,0.000000
P,e-puck(6),-0.148634,0.040331,44.249315,0.000000
P,e-puck(6),-0.148922,0.040683,42.234921,0.000000
P,e-puck(6),-0.149627,0.040936,40.229210,0.000000
P,e-puck(6),-0.149042,0.041554,39.636249,0.000000
P,e-puck(6),-0.149245,0.041681,39.392721,0.000000
P,e-puck(6),-0.149056,0.041862,39.090407,0.000000
P,e-puck(6),-0.149093,0.042241,37.720278,0.000000
P,e-puck(6),-0.147964,0.043373,38.118840,0.000000
P,e-puck(6),-0.148788,0.042712,38.129930,0.000000
P,e-puck(6),-0.148270,0.043046,37.987354,0.000000
P,e-puck(6),-0.148918,0.043097,36.507512,0.000000
P,e-puck(6),-0.149555,0.043157,34.720172,0.000000
P,e-puck(6),-0.149776,0.043357,32.830338,0.000000
P,e-puck(6),-0.149814,0.043772,30.591544,0.000000
P,e-puck(6),-0.149660,0.044032,28.828711,0.000000
P,e-puck(6),-0.149132,0.044079,27.760205,0.000000
P,e-puck(6),-0.149118,0.044443,26.620474,0.000000
P,e-puck(6),-0.148792,0.044616,25.339898,0.000000
P,e-puck(6),-0.148215,0.044883,24.226261,0.000000
P,e-puck(6),-0.147304,0.045428,23.820859,0.000000
P,e-puck(6),-0.148008,0.044923,23.818007,0.000000
P,e-puck(6),-0.147658,0.044895,23.824895,0.000000
P,e-puck(6),-0.147395,0.045176,23.823462,0.000000
P,e-puck(6),-0.146974,0.045465,23.735324,0.000000
P,e-puck(6),-0.146574,0.045729,23.274218,0.000000
P,e-puck(6),-0.147301,0.045400,23.269755,0.000000
P,e-puck(6),-0.146680,0.045720,23.263517,0.000000
P,e-puck(6),-0.146153,0.046065,23.197825,0.000000
P,e-puck(6),-0.146019,0.046328,23.136795,0.000000
P,e-puck(6),-0.145840,0.046121,23.174896,0.000000
P,e-puck(6),-0.145371,0.046281,23.743848,0.000000
P,e-puck(6),-0.145444,0.046755,22.830216,0.000000
P,e-puck(6),-0.144764,0.046693,21.929167,0.000000
P,e-puck(6),-0.145325,0.046134,21.928721,0.000000
P,e-puck(6),-0.144267,0.046217,22.517862,0.000000
P,e-puck(6),-0.143495,0.045988,23.364451,0.000000
P,e-puck(6),-0.142746,0.045895,24.065896,0.000000
P,e-puck(6),-0.140508,0.046944,23.822174,0.000000
P,e-puck(6),-0.141748,0.046324,24.180759,0.000000
P,e-puck(6),-0.140906,0.046630,24.197647,0.000000
P,e-puck(6),-0.140577,0.047097,23.636672,0.000000
P,e-puck(6),-0.140679,0.048699,24.307564,0.000000
P,e-puck(6),-0.140090,0.047559,25.189481,0.000000
P,e-puck(6),-0.139772,0.047551,24.788728,0.000000
P,e-puck(6),-0.139706,0.047641,23.701391,0.000000
P,e-puck(6),-0.138851,0.047438,22.010491,0.000000
P,e-puck(6),-0.139006,0.047953,21.050536,0.000000
P,e-puck(6),-0.138484,0.048169,20.406377,0.000000
P,e-puck(6),-0.137607,0.048081,19.713995,0.000000
P,e-puck(6),-0.137070,0.048634,19.711915,0.000000
P,e-puck(6),-0.136741,0.048964,19.710840,0.000000
P,e-puck(6),-0.136079,0.049253,18.835272,0.000000
P,e-puck(6),-0.135883,0.049680,18.828207,0.000000
P,e-puck(6),-0.135548,0.050085,17.695310,0.000000
P,e-puck(6),-0.135461,0.050479,17.678846,0.000000
P,e-puck(6),-0.135135,0.050868,17.288419,0.000000
P,e-puck(6),-0.134338,0.051095,16.923130,0.000000
P,e-puck(6),-0.134160,0.051297,16.919264,0.000000
P,e-puck(6),-0.133950,0.051744,17.103756,0.000000
P,e-puck(6),-0.133891,0.052138,17.101147,0.000000
P,e-puck(6),-0.133594,0.052515,16.839359,0.000000
P,e-puck(6),-0.133179,0.052674,16.818912,0.000000
P,e-puck(6),-0.133081,0.053050,16.818111,0.000000
P,e-puck(6),-0.132623,0.053426,16.817344,0.000000
P,e-puck(6),-0.132004,0.053799,16.816991,0.000000
P,e-puck(6),-0.131586,0.054168,16.816748,0.000000
P,e-puck(6),-0.131519,0.054547,16.264261,0.000000
P,e-puck(6),-0.130529,0.054051,16.527920,0.000000
P,e-puck(6),-0.130184,0.054884,16.535772,0.000000
P,e-puck(6),-0.130014,0.055079,15.535555,0.000000
P,e-puck(6),-0.129443,0.055440,14.984825,0.000000
P,e-puck(6),-0.128403,0.055717,14.974500,0.000000
P,e-puck(6),-0.128635,0.055697,15.369398,0.000000
P,e-puck(6),-0.128862,0.055964,15.583899,0.000000
P,e-puck(6),-0.128995,0.056087,15.596037,0.000000
P,e-puck(6),-0.129064,0.056529,17.150463,0.000000
P,e-puck(6),-0.128761,0.056627,17.077521,0.000000
P,e-puck(6),-0.128290,0.056765,17.184151,0.000000
P,e-puck(6),-0.127921,0.056997,17.155966,0.000000
P,e-puck(6),-0.127720,0.057325,16.991809,0.000000
P,e-puck(6),-0.127262,0.057668,16.978129,0.000000
P,e-puck(6),-0.127285,0.059123,17.926885,0.000000
P,e-puck(6),-0.127150,0.057786,17.858320,0.000000
P,e-puck(6),-0.126815,0.057791,17.807781,0.000000
P,e-puck(6),-0.126273,0.057726,18.059745,0.000000
P,e-puck(6),-0.126418,0.058147,19.854359,0.000000
P,e-puck(6),-0.125673,0.057955,19.768194,0.000000
P,e-puck(6),-0.125633,0.058012,19.806112,0.000000
P,e-puck(6),-0.125327,0.057919,19.594954,0.000000
P,e-puck(6),-0.125157,0.058144,18.919378,0.000000
P,e-puck(6),-0.124977,0.058578,18.898792,0.000000
P,e-puck(6),-0.124660,0.059007,18.885394,0.000000
P,e-puck(6),-0.124180,0.059429,18.877019,0.000000
P,e-puck(6),-0.123693,0.059848,18.871644,0.000000
P,e-puck(6),-0.123229,0.060267,18.868668,0.000000
P,e-puck(6),-0.122044,0.060634,18.936221,0.000000
P,e-puck(6),-0.122779,0.060572,18.944877,0.000000
P,e-puck(6),-0.122643,0.060619,19.125294,0.000000
P,e-puck(6),-0.121792,0.060968,19.112997,0.000000
P,e-puck(6),-0.122013,0.060960,19.419595,0.000000
P,e-puck(6),-0.121855,0.061349,19.418610,0.000000
P,e-puck(6),-0.121530,0.061678,19.383345,0.000000
P,e-puck(6),-0.121161,0.062097,19.382649,0.000000
P,e-puck(6),-0.120972,0.062521,19.382138,0.000000
P,e-puck(6),-0.120663,0.062946,19.381994,0.000000
P,e-puck(6),-0.120455,0.063356,18.338339,0.000000
P,e-puck(6),-0.120168,0.063531,18.367079,0.000000
P,e-puck(6),-0.119834,0.063533,18.701628,0.000000
P,e-puck(6),-0.119590,0.063856,18.814269,0.000000
P,e-puck(6),-0.119165,0.064201,18.954623,0.000000
P,e-puck(6),-0.118768,0.064559,18.910353,0.000000
P,e-puck(6),-0.118343,0.064925,19.071084,0.000000
P,e-puck(6),-0.117807,0.065069,19.469151,0.000000
P,e-puck(6),-0.117366,0.065095,19.351380,0.000000
P,e-puck(6),-0.116900,0.065520,19.350962,0.000000
P,e-puck(6),-0.116466,0.065761,19.537235,0.000000
P,e-puck(6),-0.116080,0.065947,19.438747,0.000000
P,e-puck(6),-0.115609,0.065670,19.530483,0.000000
P,e-puck(6),-0.115399,0.066097,19.499919,0.000000
P,e-puck(6),-0.115005,0.066525,19.499857,0.000000
P,e-puck(6),-0.114380,0.066597,19.536986,0.000000
P,e-puck(6),-0.113933,0.066761,20.157051,0.000000
P,e-puck(6),-0.113605,0.067000,20.777007,0.000000
P,e-puck(6),-0.113623,0.067401,19.762942,0.000000
P,e-puck(6),-0.113242,0.067823,19.428662,0.000000
P,e-puck(6),-0.112872,0.068253,19.177593,0.000000
P,e-puck(6),-0.112477,0.068525,19.124517,0.000000
P,e-puck(6),-0.112116,0.068578,19.314531,0.000000
P,e-puck(6),-0.111716,0.069004,19.312863,0.000000
P,e-puck(6),-0.111350,0.069428,19.311776,0.000000
P,e-puck(6),-0.110825,0.069852,19.311218,0.000000
P,e-puck(6),-0.110387,0.070275,19.310856,0.000000
P,e-puck(6),-0.109614,0.070340,19.221434,0.000000
P,e-puck(6),-0.109226,0.070700,19.116011,0.000000
P,e-puck(6),-0.108932,0.071046,19.008581,0.000000
P,e-puck(6),-0.108439,0.071390,19.006147,0.000000
P,e-puck(6),-0.106052,0.072298,18.991696,0.000000
P,e-puck(6),-0.107236,0.071990,19.045824,0.000000
P,e-puck(6),-0.106682,0.072348,18.968220,0.000000
P,e-puck(6),-0.106381,0.072601,18.502799,0.000000
P,e-puck(6),-0.106187,0.073025,18.499745,0.000000
P,e-puck(6),-0.105546,0.073027,18.580696,0.000000
P,e-puck(6),-0.105699,0.073379,18.299584,0.000000
P,e-puck(6),-0.105390,0.073766,17.904081,0.000000
P,e-puck(6),-0.105105,0.074160,17.801284,0.000000
P,e-puck(6),-0.104916,0.074551,17.800667,0.000000
P,e-puck(6),-0.104591,0.074832,17.772472,0.000000
P,e-puck(6),-0.104166,0.075161,17.634732,0.000000
P,e-puck(6),-0.103622,0.074730,17.449327,0.000000
P,e-puck(6),-0.103472,0.074986,17.526672,0.000000
P,e-puck(6),-0.103577,0.075423,17.527434,0.000000
P,e-puck(6),-0.103497,0.075282,17.991119,0.000000
P,e-puck(6),-0.102922,0.075737,19.247549,0.000000
P,e-puck(6),-0.102733,0.076254,18.966162,0.000000
P,e-puck(6),-0.102819,0.076632,17.542413,0.000000
P,e-puck(6),-0.102379,0.076563,16.801977,0.000000
P,e-puck(6),-0.102016,0.077270,16.127984,0.000000
P,e-puck(6),-0.101887,0.077666,16.095300,0.000000
P,e-puck(6),-0.101681,0.078065,16.065100,0.000000
P,e-puck(6),-0.101388,0.078257,16.504327,0.000000
P,e-puck(6),-0.101993,0.078256,17.957307,0.000000
P,e-puck(6),-0.101735,0.078881,19.030327,0.000000
P,e-puck(6),-0.100998,0.078463,18.585747,0.000000
P,e-puck(6),-0.100738,0.078905,18.746791,0.000000
P,e-puck(6),-0.100795,0.078977,19.015097,0.000000
P,e-puck(6),-0.100305,0.079402,19.364389,0.000000
P,e-puck(6),-0.100209,0.079626,19.358703,0.000000
P,e-puck(6),-0.099389,0.079913,19.354705,0.000000
P,e-puck(6),-0.098739,0.080189,19.072734,0.000000
P,e-puck(6),-0.099420,0.080209,18.748693,0.000000
P,e-puck(6),-0.099006,0.080392,18.315754,0.000000
P,e-puck(6),-0.099423,0.080336,18.438386,0.000000
P,e-puck(6),-0.099079,0.080659,17.922878,0.000000
P,e-puck(6),-0.097980,0.081333,17.599724,0.000000
P,e-puck(6),-0.098575,0.080764,18.069801,0.000000
P,e-puck(6),-0.097199,0.081981,18.472423,0.000000
P,e-puck(6),-0.098020,0.081109,19.017191,0.000000
P,e-puck(6),-0.097934,0.081221,18.371091,0.000000
P,e-puck(6),-0.097420,0.081662,17.473469,0.000000
P,e-puck(6),-0.097063,0.082129,15.714696,0.000000
P,e-puck(6),-0.096641,0.082533,14.378458,0.000000
P,e-puck(6),-0.096223,0.082690,14.111288,0.000000
P,e-puck(6),-0.095313,0.083030,13.603886,0.000000
P,e-puck(6),-0.094791,0.083347,13.540473,0.000000
