P,e-puck(4),-0.486024,-0.668418,259.526690,0.000000
P,e-puck(4),-0.486044,-0.668409,259.526688,0.000000
P,e-puck(4),-0.485986,-0.668021,259.526651,0.000000
P,e-puck(4),-0.485869,-0.667342,259.526606,0.000000
P,e-puck(4),-0.485645,-0.666097,259.526530,0.000000
P,e-puck(4),-0.485417,-0.664844,259.526471,0.000000
P,e-puck(4),-0.485186,-0.663585,259.526423,0.000000
P,e-puck(4),-0.484954,-0.662321,259.526384,0.000000
P,e-puck(4),-0.484720,-0.661051,259.526352,0.000000
P,e-puck(4),-0.484485,-0.659776,259.526325,0.000000
P,e-puck(4),-0.484249,-0.658497,259.526304,0.000000
P,e-puck(4),-0.484012,-0.657216,259.526286,0.000000
P,e-puck(4),-0.483775,-0.655933,259.526267,0.000000
P,e-puck(4),-0.483538,-0.654649,259.526249,0.000000
P,e-puck(4),-0.483301,-0.653367,259.526230,0.000000
P,e-puck(4),-0.483065,-0.652087,259.526211,0.000000
P,e-puck(4),-0.482829,-0.650811,259.526193,0.000000
P,e-puck(4),-0.482594,-0.649540,259.526177,0.000000
P,e-puck(4),-0.482360,-0.648274,259.526165,0.000000
P,e-puck(4),-0.482127,-0.647013,259.526157,0.000000
P,e-puck(4),-0.481895,-0.645758,259.526153,0.000000
P,e-puck(4),-0.481664,-0.644509,259.526153,0.000000
P,e-puck(4),-0.481434,-0.643264,259.526156,0.000000
P,e-puck(4),-0.481204,-0.642023,259.526161,0.000000
P,e-puck(4),-0.480975,-0.640785,259.526166,0.000000
P,e-puck(4),-0.480747,-0.639549,259.526172,0.000000
P,e-puck(4),-0.480518,-0.638313,259.526177,0.000000
P,e-puck(4),-0.480290,-0.637076,259.526181,0.000000
P,e-puck(4),-0.480061,-0.635836,259.526186,0.000000
P,e-puck(4),-0.479831,-0.634594,259.526193,0.000000
P,e-puck(4),-0.479600,-0.633346,259.526201,0.000000
P,e-puck(4),-0.479369,-0.632094,259.526213,0.000000
P,e-puck(4),-0.479136,-0.630836,259.526229,0.000000
P,e-puck(4),-0.478903,-0.629573,259.526248,0.000000
P,e-puck(4),-0.478669,-0.628305,259.526271,0.000000
P,e-puck(4),-0.478433,-0.627032,259.526296,0.000000
P,e-puck(4),-0.478197,-0.625756,259.526322,0.000000
P,e-puck(4),-0.477961,-0.624478,259.526349,0.000000
P,e-puck(4),-0.477725,-0.623198,259.526375,0.000000
P,e-puck(4),-0.477488,-0.621918,259.526400,0.000000
P,e-puck(4),-0.477252,-0.620640,259.526424,0.000000
P,e-puck(4),-0.477016,-0.619365,259.526448,0.000000
P,e-puck(4),-0.476781,-0.618093,259.526472,0.000000
P,e-puck(4),-0.476547,-0.616826,259.526497,0.000000
P,e-puck(4),-0.476313,-0.615563,259.526526,0.000000
P,e-puck(4),-0.476081,-0.614307,259.526559,0.000000
P,e-puck(4),-0.475850,-0.613055,259.526597,0.000000
P,e-puck(4),-0.475619,-0.611809,259.526638,0.000000
P,e-puck(4),-0.475390,-0.610567,259.526681,0.000000
P,e-puck(4),-0.475161,-0.609328,259.526725,0.000000
P,e-puck(4),-0.474932,-0.608091,259.526768,0.000000
P,e-puck(4),-0.474703,-0.606855,259.526810,0.000000
P,e-puck(4),-0.474475,-0.605618,259.526849,0.000000
P,e-puck(4),-0.474246,-0.604380,259.526886,0.000000
P,e-puck(4),-0.474017,-0.603138,259.526922,0.000000
P,e-puck(4),-0.473786,-0.601893,259.526956,0.000000
P,e-puck(4),-0.473555,-0.600643,259.526989,0.000000
P,e-puck(4),-0.473323,-0.599387,259.527022,0.000000
P,e-puck(4),-0.473090,-0.598126,259.527055,0.000000
P,e-puck(4),-0.472856,-0.596859,259.527086,0.000000
P,e-puck(4),-0.472621,-0.595587,259.527114,0.000000
P,e-puck(4),-0.472385,-0.594311,259.527140,0.000000
P,e-puck(4),-0.472148,-0.593032,259.527164,0.000000
P,e-puck(4),-0.471911,-0.591750,259.527185,0.000000
P,e-puck(4),-0.471674,-0.590467,259.527201,0.000000
P,e-puck(4),-0.471437,-0.589185,259.527213,0.000000
P,e-puck(4),-0.471200,-0.587904,259.527221,0.000000
P,e-puck(4),-0.470964,-0.586627,259.527226,0.000000
P,e-puck(4),-0.470729,-0.585353,259.527228,0.000000
P,e-puck(4),-0.470494,-0.584084,259.527230,0.000000
P,e-puck(4),-0.470261,-0.582820,259.527232,0.000000
P,e-puck(4),-0.470028,-0.581562,259.527234,0.000000
P,e-puck(4),-0.469797,-0.580310,259.527236,0.000000
P,e-puck(4),-0.469566,-0.579063,259.527238,0.000000
P,e-puck(4),-0.469336,-0.577820,259.527239,0.000000
P,e-puck(4),-0.469107,-0.576580,259.527237,0.000000
P,e-puck(4),-0.468878,-0.575343,259.527233,0.000000
P,e-puck(4),-0.468650,-0.574107,259.527224,0.000000
P,e-puck(4),-0.468421,-0.572870,259.527212,0.000000
P,e-puck(4),-0.468192,-0.571632,259.527196,0.000000
P,e-puck(4),-0.467963,-0.570392,259.527177,0.000000
P,e-puck(4),-0.467733,-0.569147,259.527156,0.000000
P,e-puck(4),-0.467502,-0.567898,259.527135,0.000000
P,e-puck(4),-0.467270,-0.566644,259.527115,0.000000
P,e-puck(4),-0.467037,-0.565385,259.527095,0.000000
P,e-puck(4),-0.466804,-0.564120,259.527075,0.000000
P,e-puck(4),-0.466569,-0.562851,259.527056,0.000000
P,e-puck(4),-0.466334,-0.561577,259.527037,0.000000
P,e-puck(4),-0.466098,-0.560301,259.527016,0.000000
P,e-puck(4),-0.465861,-0.559022,259.526993,0.000000
P,e-puck(4),-0.465625,-0.557743,259.526967,0.000000
P,e-puck(4),-0.465388,-0.556465,259.526939,0.000000
P,e-puck(4),-0.465152,-0.555188,259.526909,0.000000
P,e-puck(4),-0.464917,-0.553914,259.526877,0.000000
P,e-puck(4),-0.464682,-0.552644,259.526841,0.000000
P,e-puck(4),-0.464448,-0.551378,259.526803,0.000000
P,e-puck(4),-0.464215,-0.550118,259.526764,0.000000
P,e-puck(4),-0.463983,-0.548863,259.526725,0.000000
P,e-puck(4),-0.463752,-0.547612,259.526685,0.000000
P,e-puck(4),-0.463522,-0.546367,259.526645,0.000000
P,e-puck(4),-0.463292,-0.545125,259.526604,0.000000
P,e-puck(4),-0.463063,-0.543885,259.526563,0.000000
P,e-puck(4),-0.462834,-0.542648,259.526520,0.000000
P,e-puck(4),-0.462605,-0.541410,259.526477,0.000000
P,e-puck(4),-0.462376,-0.540172,259.526433,0.000000
P,e-puck(4),-0.462147,-0.538932,259.526391,0.000000
P,e-puck(4),-0.461917,-0.537688,259.526351,0.000000
P,e-puck(4),-0.461687,-0.536440,259.526316,0.000000
P,e-puck(4),-0.461455,-0.535187,259.526286,0.000000
P,e-puck(4),-0.461222,-0.533929,259.526263,0.000000
P,e-puck(4),-0.460989,-0.532666,259.526245,0.000000
P,e-puck(4),-0.460754,-0.531398,259.526231,0.000000
P,e-puck(4),-0.460519,-0.530125,259.526219,0.000000
P,e-puck(4),-0.460283,-0.528848,259.526210,0.000000
P,e-puck(4),-0.460046,-0.527568,259.526201,0.000000
P,e-puck(4),-0.459810,-0.526286,259.526192,0.000000
P,e-puck(4),-0.459573,-0.525004,259.526183,0.000000
P,e-puck(4),-0.459336,-0.523723,259.526173,0.000000
P,e-puck(4),-0.459099,-0.522444,259.526164,0.000000
P,e-puck(4),-0.458863,-0.521168,259.526155,0.000000
P,e-puck(4),-0.458628,-0.519897,259.526149,0.000000
P,e-puck(4),-0.458394,-0.518630,259.526146,0.000000
P,e-puck(4),-0.458161,-0.517369,259.526147,0.000000
P,e-puck(4),-0.457929,-0.516114,259.526152,0.000000
P,e-puck(4),-0.457698,-0.514863,259.526161,0.000000
P,e-puck(4),-0.457468,-0.513618,259.526172,0.000000
P,e-puck(4),-0.457238,-0.512376,259.526186,0.000000
P,e-puck(4),-0.457009,-0.511137,259.526200,0.000000
P,e-puck(4),-0.456781,-0.509901,259.526215,0.000000
P,e-puck(4),-0.456552,-0.508665,259.526229,0.000000
P,e-puck(4),-0.456324,-0.507428,259.526242,0.000000
P,e-puck(4),-0.456095,-0.506189,259.526255,0.000000
P,e-puck(4),-0.455865,-0.504947,259.526269,0.000000
P,e-puck(4),-0.455635,-0.503701,259.526284,0.000000
P,e-puck(4),-0.455404,-0.502451,259.526302,0.000000
P,e-puck(4),-0.455171,-0.501195,259.526324,0.000000
P,e-puck(4),-0.454938,-0.499934,259.526349,0.000000
P,e-puck(4),-0.454704,-0.498668,259.526376,0.000000
P,e-puck(4),-0.454470,-0.497398,259.526407,0.000000
P,e-puck(4),-0.454234,-0.496124,259.526438,0.000000
P,e-puck(4),-0.453998,-0.494847,259.526470,0.000000
P,e-puck(4),-0.453762,-0.493569,259.526501,0.000000
P,e-puck(4),-0.453525,-0.492290,259.526531,0.000000
P,e-puck(4),-0.453289,-0.491012,259.526564,0.000000
P,e-puck(4),-0.453053,-0.489736,259.526598,0.000000
P,e-puck(4),-0.452818,-0.488463,259.526634,0.000000
P,e-puck(4),-0.452583,-0.487194,259.526672,0.000000
P,e-puck(4),-0.452350,-0.485930,259.526713,0.000000
P,e-puck(4),-0.452117,-0.484671,259.526757,0.000000
P,e-puck(4),-0.451885,-0.483416,259.526802,0.000000
P,e-puck(4),-0.451654,-0.482166,259.526848,0.000000
P,e-puck(4),-0.451424,-0.480921,259.526893,0.000000
P,e-puck(4),-0.451194,-0.479679,259.526937,0.000000
P,e-puck(4),-0.450965,-0.478439,259.526978,0.000000
P,e-puck(4),-0.450736,-0.477201,259.527015,0.000000
P,e-puck(4),-0.450507,-0.475962,259.527046,0.000000
P,e-puck(4),-0.450278,-0.474723,259.527073,0.000000
P,e-puck(4),-0.450048,-0.473481,259.527095,0.000000
P,e-puck(4),-0.449818,-0.472235,259.527113,0.000000
P,e-puck(4),-0.449587,-0.470986,259.527129,0.000000
P,e-puck(4),-0.449355,-0.469731,259.527146,0.000000
P,e-puck(4),-0.449123,-0.468472,259.527163,0.000000
P,e-puck(4),-0.448889,-0.467207,259.527181,0.000000
P,e-puck(4),-0.448654,-0.465937,259.527199,0.000000
P,e-puck(4),-0.448418,-0.464663,259.527215,0.000000
P,e-puck(4),-0.448182,-0.463386,259.527230,0.000000
P,e-puck(4),-0.447946,-0.462106,259.527241,0.000000
P,e-puck(4),-0.447709,-0.460824,259.527249,0.000000
P,e-puck(4),-0.447472,-0.459543,259.527252,0.000000
P,e-puck(4),-0.447235,-0.458263,259.527251,0.000000
P,e-puck(4),-0.446999,-0.456986,259.527247,0.000000
P,e-puck(4),-0.446764,-0.455712,259.527241,0.000000
P,e-puck(4),-0.446529,-0.454443,259.527234,0.000000
P,e-puck(4),-0.446295,-0.453178,259.527226,0.000000
P,e-puck(4),-0.446063,-0.451919,259.527219,0.000000
P,e-puck(4),-0.445831,-0.450665,259.527212,0.000000
P,e-puck(4),-0.445600,-0.449417,259.527205,0.000000
P,e-puck(4),-0.445370,-0.448173,259.527197,0.000000
P,e-puck(4),-0.445141,-0.446933,259.527187,0.000000
P,e-puck(4),-0.444912,-0.445695,259.527175,0.000000
P,e-puck(4),-0.444683,-0.444459,259.527159,0.000000
P,e-puck(4),-0.444455,-0.443223,259.527139,0.000000
P,e-puck(4),-0.444226,-0.441985,259.527116,0.000000
P,e-puck(4),-0.443997,-0.440746,259.527090,0.000000
P,e-puck(4),-0.443767,-0.439503,259.527063,0.000000
P,e-puck(4),-0.443537,-0.438256,259.527035,0.000000
P,e-puck(4),-0.443305,-0.437004,259.527007,0.000000
P,e-puck(4),-0.443073,-0.435747,259.526981,0.000000
P,e-puck(4),-0.442840,-0.434485,259.526956,0.000000
P,e-puck(4),-0.442605,-0.433218,259.526932,0.000000
P,e-puck(4),-0.442370,-0.431946,259.526908,0.000000
P,e-puck(4),-0.442135,-0.430671,259.526884,0.000000
P,e-puck(4),-0.441898,-0.429394,259.526855,0.000000
P,e-puck(4),-0.441662,-0.428115,259.526822,0.000000
P,e-puck(4),-0.441426,-0.426836,259.526784,0.000000
P,e-puck(4),-0.441189,-0.425558,259.526742,0.000000
P,e-puck(4),-0.440992,-0.424280,259.746774,0.000000
P,e-puck(4),-0.440935,-0.423328,260.408521,0.000000
P,e-puck(4),-0.440953,-0.422490,261.317020,0.000000
P,e-puck(4),-0.441097,-0.421871,262.694813,0.000000
P,e-puck(4),-0.441347,-0.421445,264.471762,0.000000
P,e-puck(4),-0.441667,-0.421155,266.515134,0.000000
P,e-puck(4),-0.442095,-0.421037,269.091282,0.000000
P,e-puck(4),-0.442530,-0.421098,271.668174,0.000000
P,e-puck(4),-0.442961,-0.421189,274.263408,0.000000
P,e-puck(4),-0.443385,-0.421306,276.867656,0.000000
P,e-puck(4),-0.443798,-0.421443,279.463150,0.000000
P,e-puck(4),-0.444202,-0.421594,282.053706,0.000000
P,e-puck(4),-0.444618,-0.421676,284.640749,0.000000
P,e-puck(4),-0.445031,-0.421770,287.225659,0.000000
P,e-puck(4),-0.445442,-0.421876,289.808818,0.000000
P,e-puck(4),-0.445850,-0.421997,292.390639,0.000000
P,e-puck(4),-0.446254,-0.422133,294.971418,0.000000
P,e-puck(4),-0.446653,-0.422287,297.551367,0.000000
P,e-puck(4),-0.447045,-0.422460,300.130645,0.000000
P,e-puck(4),-0.447428,-0.422653,302.709366,0.000000
P,e-puck(4),-0.447800,-0.422868,305.287611,0.000000
P,e-puck(4),-0.448158,-0.423105,307.865443,0.000000
P,e-puck(4),-0.448497,-0.423369,310.442898,0.000000
P,e-puck(4),-0.448814,-0.423658,313.020009,0.000000
P,e-puck(4),-0.449113,-0.423967,315.596823,0.000000
P,e-puck(4),-0.449392,-0.424293,318.173371,0.000000
P,e-puck(4),-0.449653,-0.424637,320.749691,0.000000
P,e-puck(4),-0.449895,-0.424994,323.325804,0.000000
P,e-puck(4),-0.450118,-0.425362,325.901726,0.000000
P,e-puck(4),-0.450323,-0.425739,328.477471,0.000000
P,e-puck(4),-0.450512,-0.426123,331.053047,0.000000
P,e-puck(4),-0.450686,-0.426514,333.628460,0.000000
P,e-puck(4),-0.450847,-0.426909,336.203711,0.000000
P,e-puck(4),-0.450995,-0.427308,338.778804,0.000000
P,e-puck(4),-0.451132,-0.427710,341.353741,0.000000
P,e-puck(4),-0.451258,-0.428116,343.928528,0.000000
P,e-puck(4),-0.451373,-0.428525,346.503173,0.000000
P,e-puck(4),-0.451478,-0.428937,349.077682,0.000000
P,e-puck(4),-0.451570,-0.429353,351.652064,0.000000
P,e-puck(4),-0.451649,-0.429772,354.226322,0.000000
P,e-puck(4),-0.451714,-0.430195,356.800460,0.000000
P,e-puck(4),-0.451761,-0.430622,359.374477,0.000000
P,e-puck(4),-0.451790,-0.431049,1.948374,0.000000
P,e-puck(4),-0.451796,-0.431485,4.557505,0.000000
P,e-puck(4),-0.451778,-0.431922,7.162006,0.000000
P,e-puck(4),-0.451703,-0.432351,9.756211,0.000000
P,e-puck(4),-0.451602,-0.432774,12.345431,0.000000
P,e-puck(4),-0.451477,-0.433189,14.931558,0.000000
P,e-puck(4),-0.451329,-0.433597,17.515602,0.000000
P,e-puck(4),-0.451161,-0.433995,20.098139,0.000000
P,e-puck(4),-0.450973,-0.434384,22.679525,0.000000
P,e-puck(4),-0.450768,-0.434763,25.260000,0.000000
P,e-puck(4),-0.450569,-0.435085,27.518006,0.000000
P,e-puck(4),-0.450197,-0.435214,29.241894,0.000000
P,e-puck(4),-0.449435,-0.435005,30.396686,0.000000
P,e-puck(4),-0.448567,-0.434641,31.165522,0.000000
P,e-puck(4),-0.447629,-0.434169,31.677531,0.000000
P,e-puck(4),-0.446532,-0.433489,31.675264,0.000000
P,e-puck(4),-0.445427,-0.432805,31.673486,0.000000
P,e-puck(4),-0.444315,-0.432118,31.672152,0.000000
P,e-puck(4),-0.443198,-0.431428,31.671172,0.000000
P,e-puck(4),-0.442078,-0.430736,31.670459,0.000000
P,e-puck(4),-0.440956,-0.430044,31.669940,0.000000
P,e-puck(4),-0.439836,-0.429352,31.669559,0.000000
P,e-puck(4),-0.438718,-0.428663,31.669276,0.000000
P,e-puck(4),-0.437604,-0.427976,31.669066,0.000000
P,e-puck(4),-0.436497,-0.427292,31.668912,0.000000
P,e-puck(4),-0.435401,-0.426616,31.668813,0.000000
P,e-puck(4),-0.434319,-0.425949,31.668764,0.000000
P,e-puck(4),-0.433243,-0.425285,31.668742,0.000000
P,e-puck(4),-0.432173,-0.424625,31.668738,0.000000
P,e-puck(4),-0.431108,-0.423968,31.668741,0.000000
P,e-puck(4),-0.430045,-0.423312,31.668744,0.000000
P,e-puck(4),-0.428985,-0.422658,31.668741,0.000000
P,e-puck(4),-0.427924,-0.422004,31.668728,0.000000
P,e-puck(4),-0.426861,-0.421350,31.677412,0.000000
P,e-puck(4),-0.425793,-0.420699,31.721534,0.000000
P,e-puck(4),-0.424720,-0.420048,31.786062,0.000000
P,e-puck(4),-0.423643,-0.419396,31.870211,0.000000
P,e-puck(4),-0.422564,-0.418743,31.966583,0.000000
P,e-puck(4),-0.421485,-0.418089,32.069884,0.000000
P,e-puck(4),-0.420408,-0.417433,32.175385,0.000000
P,e-puck(4),-0.419333,-0.416777,32.285322,0.000000
P,e-puck(4),-0.418264,-0.416122,32.395033,0.000000
P,e-puck(4),-0.417201,-0.415468,32.507141,0.000000
P,e-puck(4),-0.416163,-0.414828,32.624760,0.000000
P,e-puck(4),-0.415132,-0.414190,32.746222,0.000000
P,e-puck(4),-0.414108,-0.413553,32.865178,0.000000
P,e-puck(4),-0.413090,-0.412917,32.982469,0.000000
P,e-puck(4),-0.412077,-0.412282,33.102814,0.000000
P,e-puck(4),-0.411067,-0.411646,33.226197,0.000000
P,e-puck(4),-0.410060,-0.411009,33.350424,0.000000
P,e-puck(4),-0.409053,-0.410369,33.469261,0.000000
P,e-puck(4),-0.408047,-0.409726,33.587458,0.000000
P,e-puck(4),-0.407037,-0.409079,33.713695,0.000000
P,e-puck(4),-0.406026,-0.408427,33.838456,0.000000
P,e-puck(4),-0.405010,-0.407771,33.967397,0.000000
P,e-puck(4),-0.403990,-0.407108,34.094207,0.000000
P,e-puck(4),-0.402942,-0.406484,34.544798,0.000000
P,e-puck(4),-0.402010,-0.405980,35.260193,0.000000
P,e-puck(4),-0.401402,-0.405810,36.592037,0.000000
P,e-puck(4),-0.400897,-0.405774,38.282833,0.000000
P,e-puck(4),-0.400471,-0.405846,40.269252,0.000000
P,e-puck(4),-0.400195,-0.406164,42.846670,0.000000
P,e-puck(4),-0.399909,-0.406474,45.425615,0.000000
P,e-puck(4),-0.399613,-0.406775,48.004779,0.000000
P,e-puck(4),-0.399307,-0.407067,50.583609,0.000000
P,e-puck(4),-0.398990,-0.407349,53.161896,0.000000
P,e-puck(4),-0.398661,-0.407619,55.739603,0.000000
P,e-puck(4),-0.398321,-0.407876,58.316772,0.000000
P,e-puck(4),-0.397969,-0.408117,60.893474,0.000000
P,e-puck(4),-0.397604,-0.408340,63.469784,0.000000
P,e-puck(4),-0.397228,-0.408544,66.045771,0.000000
P,e-puck(4),-0.396841,-0.408726,68.621493,0.000000
P,e-puck(4),-0.396443,-0.408886,71.196994,0.000000
P,e-puck(4),-0.396037,-0.409021,73.772308,0.000000
P,e-puck(4),-0.395622,-0.409131,76.347456,0.000000
P,e-puck(4),-0.395202,-0.409216,78.922452,0.000000
P,e-puck(4),-0.394778,-0.409275,81.497305,0.000000
P,e-puck(4),-0.394351,-0.409310,84.072019,0.000000
P,e-puck(4),-0.393921,-0.409322,86.646600,0.000000
P,e-puck(4),-0.393492,-0.409312,89.221048,0.000000
P,e-puck(4),-0.393065,-0.409281,91.795371,0.000000
P,e-puck(4),-0.392642,-0.409231,94.369596,0.000000
P,e-puck(4),-0.392219,-0.409164,96.956002,0.000000
P,e-puck(4),-0.391796,-0.409081,99.550287,0.000000
P,e-puck(4),-0.391379,-0.408983,102.140028,0.000000
P,e-puck(4),-0.390965,-0.408871,104.726761,0.000000
P,e-puck(4),-0.390556,-0.408746,107.311388,0.000000
P,e-puck(4),-0.390152,-0.408608,109.894465,0.000000
P,e-puck(4),-0.389752,-0.408457,112.476352,0.000000
P,e-puck(4),-0.389357,-0.408293,115.057295,0.000000
P,e-puck(4),-0.388968,-0.408115,117.637470,0.000000
P,e-puck(4),-0.388585,-0.407923,120.217006,0.000000
P,e-puck(4),-0.388210,-0.407716,122.795999,0.000000
P,e-puck(4),-0.387843,-0.407494,125.374525,0.000000
P,e-puck(4),-0.387485,-0.407254,127.952640,0.000000
P,e-puck(4),-0.387140,-0.406998,130.530388,0.000000
P,e-puck(4),-0.386807,-0.406724,133.107803,0.000000
P,e-puck(4),-0.386489,-0.406433,135.684912,0.000000
P,e-puck(4),-0.386187,-0.406124,138.261734,0.000000
P,e-puck(4),-0.385903,-0.405800,140.838288,0.000000
P,e-puck(4),-0.385638,-0.405459,143.414590,0.000000
P,e-puck(4),-0.385393,-0.405104,145.990653,0.000000
P,e-puck(4),-0.385169,-0.404736,148.566494,0.000000
P,e-puck(4),-0.384965,-0.404356,151.142125,0.000000
P,e-puck(4),-0.384782,-0.403966,153.717559,0.000000
P,e-puck(4),-0.384618,-0.403568,156.292807,0.000000
P,e-puck(4),-0.384475,-0.403163,158.867878,0.000000
P,e-puck(4),-0.384349,-0.402753,161.442778,0.000000
P,e-puck(4),-0.384242,-0.402338,164.017511,0.000000
P,e-puck(4),-0.384150,-0.401920,166.592081,0.000000
P,e-puck(4),-0.384075,-0.401500,169.166489,0.000000
P,e-puck(4),-0.384014,-0.401078,171.740739,0.000000
P,e-puck(4),-0.383967,-0.400654,174.314833,0.000000
P,e-puck(4),-0.383935,-0.400229,176.888776,0.000000
P,e-puck(4),-0.383916,-0.399803,179.462569,0.000000
P,e-puck(4),-0.383912,-0.399378,182.036223,0.000000
P,e-puck(4),-0.383923,-0.398950,184.630746,0.000000
P,e-puck(4),-0.383952,-0.398518,187.234052,0.000000
P,e-puck(4),-0.383999,-0.398088,189.827702,0.000000
P,e-puck(4),-0.384066,-0.397662,192.416380,0.000000
P,e-puck(4),-0.384153,-0.397239,195.002010,0.000000
P,e-puck(4),-0.384263,-0.396821,197.585571,0.000000
P,e-puck(4),-0.384396,-0.396410,200.167629,0.000000
P,e-puck(4),-0.384551,-0.396007,202.748545,0.000000
P,e-puck(4),-0.384730,-0.395613,205.328560,0.000000
P,e-puck(4),-0.384931,-0.395231,207.907844,0.000000
P,e-puck(4),-0.385153,-0.394861,210.486522,0.000000
P,e-puck(4),-0.385394,-0.394506,213.063537,0.000000
P,e-puck(4),-0.385592,-0.394237,215.087900,0.000000
P,e-puck(4),-0.385231,-0.393696,216.497820,0.000000
P,e-puck(4),-0.384632,-0.393063,217.394810,0.000000
P,e-puck(4),-0.383902,-0.392376,217.992158,0.000000
P,e-puck(4),-0.382888,-0.391582,217.989502,0.000000
P,e-puck(4),-0.381865,-0.390782,217.987477,0.000000
P,e-puck(4),-0.380836,-0.389978,217.985992,0.000000
P,e-puck(4),-0.379802,-0.389170,217.984923,0.000000
P,e-puck(4),-0.378765,-0.388360,217.984161,0.000000
P,e-puck(4),-0.377726,-0.387549,217.983616,0.000000
P,e-puck(4),-0.376688,-0.386738,217.983223,0.000000
P,e-puck(4),-0.375652,-0.385929,217.982936,0.000000
P,e-puck(4),-0.374621,-0.385124,217.982726,0.000000
P,e-puck(4),-0.373595,-0.384323,217.982576,0.000000
P,e-puck(4),-0.372581,-0.383531,217.982485,0.000000
P,e-puck(4),-0.371579,-0.382748,217.982444,0.000000
P,e-puck(4),-0.370583,-0.381971,217.982433,0.000000
P,e-puck(4),-0.369594,-0.381199,217.982438,0.000000
P,e-puck(4),-0.368609,-0.380430,217.982449,0.000000
P,e-puck(4),-0.367628,-0.379664,217.982454,0.000000
P,e-puck(4),-0.366649,-0.378899,217.982449,0.000000
P,e-puck(4),-0.365670,-0.378135,217.982429,0.000000
P,e-puck(4),-0.364689,-0.377369,217.982395,0.000000
P,e-puck(4),-0.363705,-0.376601,217.982354,0.000000
P,e-puck(4),-0.362706,-0.375821,217.982334,0.000000
P,e-puck(4),-0.361692,-0.375029,217.982344,0.000000
P,e-puck(4),-0.360673,-0.374233,217.982363,0.000000
P,e-puck(4),-0.359650,-0.373434,217.982387,0.000000
P,e-puck(4),-0.358622,-0.372632,217.982412,0.000000
P,e-puck(4),-0.357592,-0.371828,217.982432,0.000000
P,e-puck(4),-0.356561,-0.371023,217.982444,0.000000
P,e-puck(4),-0.355529,-0.370217,217.982446,0.000000
P,e-puck(4),-0.354499,-0.369413,217.982440,0.000000
P,e-puck(4),-0.353471,-0.368610,217.982427,0.000000
P,e-puck(4),-0.352446,-0.367810,217.982411,0.000000
P,e-puck(4),-0.351426,-0.367013,217.982397,0.000000
P,e-puck(4),-0.350410,-0.366220,217.982388,0.000000
P,e-puck(4),-0.349400,-0.365431,217.982387,0.000000
P,e-puck(4),-0.348394,-0.364646,217.982394,0.000000
P,e-puck(4),-0.347394,-0.363865,217.982408,0.000000
P,e-puck(4),-0.346399,-0.363088,217.982425,0.000000
P,e-puck(4),-0.345406,-0.362313,217.982442,0.000000
P,e-puck(4),-0.344417,-0.361540,217.982456,0.000000
P,e-puck(4),-0.343429,-0.360769,217.982462,0.000000
P,e-puck(4),-0.342441,-0.359997,217.982460,0.000000
P,e-puck(4),-0.341451,-0.359225,217.982450,0.000000
P,e-puck(4),-0.340460,-0.358451,217.982436,0.000000
P,e-puck(4),-0.339465,-0.357674,217.982420,0.000000
P,e-puck(4),-0.338466,-0.356894,217.982407,0.000000
P,e-puck(4),-0.337463,-0.356111,217.982400,0.000000
P,e-puck(4),-0.336454,-0.355323,217.982400,0.000000
P,e-puck(4),-0.335441,-0.354532,217.982409,0.000000
P,e-puck(4),-0.334422,-0.353737,217.982423,0.000000
P,e-puck(4),-0.333400,-0.352939,217.982441,0.000000
P,e-puck(4),-0.332374,-0.352138,217.982458,0.000000
P,e-puck(4),-0.331347,-0.351335,217.982471,0.000000
P,e-puck(4),-0.330318,-0.350532,217.982476,0.000000
P,e-puck(4),-0.329289,-0.349729,217.982474,0.000000
P,e-puck(4),-0.328262,-0.348927,217.982466,0.000000
P,e-puck(4),-0.327237,-0.348127,217.982454,0.000000
P,e-puck(4),-0.326216,-0.347329,217.982441,0.000000
P,e-puck(4),-0.325199,-0.346535,217.982431,0.000000
P,e-puck(4),-0.324187,-0.345745,217.982428,0.000000
P,e-puck(4),-0.323180,-0.344959,217.982431,0.000000
P,e-puck(4),-0.322179,-0.344177,217.982440,0.000000
P,e-puck(4),-0.321182,-0.343399,217.982454,0.000000
P,e-puck(4),-0.320188,-0.342623,217.982467,0.000000
P,e-puck(4),-0.319198,-0.341850,217.982477,0.000000
P,e-puck(4),-0.318210,-0.341079,217.982480,0.000000
P,e-puck(4),-0.317223,-0.340308,217.982475,0.000000
P,e-puck(4),-0.316235,-0.339537,217.982460,0.000000
P,e-puck(4),-0.315246,-0.338764,217.982440,0.000000
P,e-puck(4),-0.314254,-0.337989,217.982416,0.000000
P,e-puck(4),-0.313258,-0.337212,217.982395,0.000000
P,e-puck(4),-0.312257,-0.336430,217.982379,0.000000
P,e-puck(4),-0.311250,-0.335644,217.982374,0.000000
P,e-puck(4),-0.310237,-0.334853,217.982381,0.000000
P,e-puck(4),-0.309219,-0.334059,217.982397,0.000000
P,e-puck(4),-0.308197,-0.333260,217.982418,0.000000
P,e-puck(4),-0.307170,-0.332459,217.982440,0.000000
P,e-puck(4),-0.306141,-0.331655,217.982458,0.000000
P,e-puck(4),-0.305110,-0.330850,217.982469,0.000000
P,e-puck(4),-0.304079,-0.330045,217.982471,0.000000
P,e-puck(4),-0.303048,-0.329240,217.982464,0.000000
P,e-puck(4),-0.302020,-0.328437,217.982449,0.000000
P,e-puck(4),-0.300994,-0.327636,217.982431,0.000000
P,e-puck(4),-0.299973,-0.326839,217.982413,0.000000
P,e-puck(4),-0.298956,-0.326045,217.982400,0.000000
P,e-puck(4),-0.297945,-0.325255,217.982395,0.000000
P,e-puck(4),-0.296938,-0.324470,217.982398,0.000000
P,e-puck(4),-0.295937,-0.323688,217.982408,0.000000
P,e-puck(4),-0.294940,-0.322910,217.982423,0.000000
P,e-puck(4),-0.293947,-0.322134,217.982438,0.000000
P,e-puck(4),-0.292957,-0.321361,217.982450,0.000000
P,e-puck(4),-0.291969,-0.320590,217.982456,0.000000
P,e-puck(4),-0.290981,-0.319818,217.982454,0.000000
P,e-puck(4),-0.289992,-0.319046,217.982444,0.000000
P,e-puck(4),-0.289002,-0.318273,217.982428,0.000000
P,e-puck(4),-0.288008,-0.317497,217.982409,0.000000
P,e-puck(4),-0.287010,-0.316718,217.982393,0.000000
P,e-puck(4),-0.286008,-0.315936,217.982381,0.000000
P,e-puck(4),-0.285001,-0.315149,217.982377,0.000000
P,e-puck(4),-0.283989,-0.314359,217.982381,0.000000
P,e-puck(4),-0.282973,-0.313565,217.982391,0.000000
P,e-puck(4),-0.281952,-0.312768,217.982406,0.000000
P,e-puck(4),-0.280927,-0.311968,217.982422,0.000000
P,e-puck(4),-0.279900,-0.311167,217.982435,0.000000
P,e-puck(4),-0.278872,-0.310364,217.982441,0.000000
P,e-puck(4),-0.277844,-0.309561,217.982441,0.000000
P,e-puck(4),-0.276816,-0.308759,217.982434,0.000000
P,e-puck(4),-0.275791,-0.307958,217.982423,0.000000
P,e-puck(4),-0.274769,-0.307160,217.982410,0.000000
P,e-puck(4),-0.273751,-0.306365,217.982399,0.000000
P,e-puck(4),-0.272738,-0.305574,217.982393,0.000000
P,e-puck(4),-0.271730,-0.304787,217.982394,0.000000
P,e-puck(4),-0.270726,-0.304003,217.982401,0.000000
P,e-puck(4),-0.269727,-0.303224,217.982412,0.000000
P,e-puck(4),-0.268733,-0.302447,217.982425,0.000000
P,e-puck(4),-0.267741,-0.301673,217.982435,0.000000
P,e-puck(4),-0.266752,-0.300901,217.982440,0.000000
P,e-puck(4),-0.265764,-0.300129,217.982437,0.000000
P,e-puck(4),-0.264776,-0.299358,217.982426,0.000000
P,e-puck(4),-0.263786,-0.298585,217.982408,0.000000
P,e-puck(4),-0.262794,-0.297810,217.982387,0.000000
P,e-puck(4),-0.261799,-0.297033,217.982367,0.000000
P,e-puck(4),-0.260799,-0.296252,217.982352,0.000000
P,e-puck(4),-0.259794,-0.295468,217.982346,0.000000
P,e-puck(4),-0.258784,-0.294679,217.982349,0.000000
P,e-puck(4),-0.257769,-0.293886,217.982361,0.000000
P,e-puck(4),-0.256749,-0.293090,217.982381,0.000000
P,e-puck(4),-0.255724,-0.292290,217.982404,0.000000
P,e-puck(4),-0.254697,-0.291488,217.982426,0.000000
P,e-puck(4),-0.253666,-0.290683,217.982443,0.000000
P,e-puck(4),-0.252635,-0.289878,217.982451,0.000000
P,e-puck(4),-0.251604,-0.289073,217.982450,0.000000
P,e-puck(4),-0.250574,-0.288269,217.982440,0.000000
P,e-puck(4),-0.249547,-0.287467,217.982425,0.000000
P,e-puck(4),-0.248524,-0.286668,217.982409,0.000000
P,e-puck(4),-0.247504,-0.285872,217.982395,0.000000
P,e-puck(4),-0.246490,-0.285080,217.982388,0.000000
P,e-puck(4),-0.245481,-0.284292,217.982389,0.000000
P,e-puck(4),-0.244477,-0.283508,217.982398,0.000000
P,e-puck(4),-0.243478,-0.282728,217.982413,0.000000
P,e-puck(4),-0.242483,-0.281951,217.982432,0.000000
P,e-puck(4),-0.241492,-0.281177,217.982450,0.000000
P,e-puck(4),-0.240503,-0.280405,217.982463,0.000000
P,e-puck(4),-0.239515,-0.279634,217.982468,0.000000
P,e-puck(4),-0.238527,-0.278863,217.982465,0.000000
P,e-puck(4),-0.237538,-0.278090,217.982454,0.000000
P,e-puck(4),-0.236547,-0.277316,217.982438,0.000000
P,e-puck(4),-0.235552,-0.276540,217.982421,0.000000
P,e-puck(4),-0.234553,-0.275760,217.982408,0.000000
P,e-puck(4),-0.233550,-0.274976,217.982400,0.000000
P,e-puck(4),-0.232541,-0.274189,217.982400,0.000000
P,e-puck(4),-0.231527,-0.273397,217.982409,0.000000
P,e-puck(4),-0.230509,-0.272602,217.982424,0.000000
P,e-puck(4),-0.229487,-0.271804,217.982442,0.000000
P,e-puck(4),-0.228462,-0.271003,217.982459,0.000000
P,e-puck(4),-0.227434,-0.270201,217.982472,0.000000
P,e-puck(4),-0.226406,-0.269398,217.982479,0.000000
P,e-puck(4),-0.225377,-0.268595,217.982478,0.000000
P,e-puck(4),-0.224351,-0.267794,217.982471,0.000000
P,e-puck(4),-0.223326,-0.266994,217.982461,0.000000
P,e-puck(4),-0.222306,-0.266197,217.982449,0.000000
P,e-puck(4),-0.221289,-0.265403,217.982441,0.000000
P,e-puck(4),-0.220278,-0.264613,217.982437,0.000000
P,e-puck(4),-0.219271,-0.263827,217.982440,0.000000
P,e-puck(4),-0.218269,-0.263045,217.982448,0.000000
P,e-puck(4),-0.217271,-0.262266,217.982459,0.000000
P,e-puck(4),-0.216277,-0.261490,217.982470,0.000000
P,e-puck(4),-0.215286,-0.260716,217.982477,0.000000
P,e-puck(4),-0.214297,-0.259944,217.982478,0.000000
P,e-puck(4),-0.213309,-0.259172,217.982472,0.000000
P,e-puck(4),-0.212320,-0.258400,217.982458,0.000000
P,e-puck(4),-0.211329,-0.257626,217.982439,0.000000
P,e-puck(4),-0.210335,-0.256850,217.982418,0.000000
P,e-puck(4),-0.209337,-0.256071,217.982399,0.000000
P,e-puck(4),-0.208335,-0.255289,217.982386,0.000000
P,e-puck(4),-0.207328,-0.254502,217.982382,0.000000
P,e-puck(4),-0.206316,-0.253712,217.982387,0.000000
P,e-puck(4),-0.205298,-0.252918,217.982401,0.000000
P,e-puck(4),-0.204277,-0.252120,217.982419,0.000000
P,e-puck(4),-0.203251,-0.251319,217.982439,0.000000
P,e-puck(4),-0.202222,-0.250516,217.982455,0.000000
P,e-puck(4),-0.201192,-0.249711,217.982465,0.000000
P,e-puck(4),-0.200161,-0.248906,217.982465,0.000000
P,e-puck(4),-0.199130,-0.248102,217.982457,0.000000
P,e-puck(4),-0.198102,-0.247299,217.982442,0.000000
P,e-puck(4),-0.197076,-0.246498,217.982423,0.000000
P,e-puck(4),-0.196055,-0.245700,217.982404,0.000000
P,e-puck(4),-0.195037,-0.244906,217.982390,0.000000
P,e-puck(4),-0.194026,-0.244116,217.982384,0.000000
P,e-puck(4),-0.193019,-0.243330,217.982386,0.000000
P,e-puck(4),-0.192017,-0.242548,217.982396,0.000000
P,e-puck(4),-0.191020,-0.241770,217.982412,0.000000
P,e-puck(4),-0.190027,-0.240994,217.982428,0.000000
P,e-puck(4),-0.189037,-0.240221,217.982442,0.000000
P,e-puck(4),-0.188049,-0.239450,217.982449,0.000000
P,e-puck(4),-0.187062,-0.238679,217.982448,0.000000
P,e-puck(4),-0.186074,-0.237908,217.982439,0.000000
P,e-puck(4),-0.185085,-0.237135,217.982423,0.000000
P,e-puck(4),-0.184093,-0.236361,217.982403,0.000000
P,e-puck(4),-0.183097,-0.235583,217.982384,0.000000
P,e-puck(4),-0.182096,-0.234802,217.982370,0.000000
P,e-puck(4),-0.181091,-0.234017,217.982363,0.000000
P,e-puck(4),-0.180080,-0.233228,217.982365,0.000000
P,e-puck(4),-0.179065,-0.232435,217.982375,0.000000
P,e-puck(4),-0.178045,-0.231639,217.982390,0.000000
P,e-puck(4),-0.177022,-0.230840,217.982408,0.000000
P,e-puck(4),-0.175995,-0.230038,217.982424,0.000000
P,e-puck(4),-0.174967,-0.229235,217.982435,0.000000
P,e-puck(4),-0.173939,-0.228432,217.982440,0.000000
P,e-puck(4),-0.172911,-0.227630,217.982437,0.000000
P,e-puck(4),-0.171885,-0.226829,217.982428,0.000000
P,e-puck(4),-0.170861,-0.226030,217.982417,0.000000
P,e-puck(4),-0.169842,-0.225234,217.982407,0.000000
P,e-puck(4),-0.168827,-0.224441,217.982400,0.000000
P,e-puck(4),-0.167817,-0.223652,217.982398,0.000000
P,e-puck(4),-0.166811,-0.222867,217.982403,0.000000
P,e-puck(4),-0.165810,-0.222086,217.982412,0.000000
P,e-puck(4),-0.164814,-0.221308,217.982424,0.000000
P,e-puck(4),-0.163821,-0.220532,217.982435,0.000000
P,e-puck(4),-0.162830,-0.219759,217.982441,0.000000
P,e-puck(4),-0.161841,-0.218986,217.982441,0.000000
P,e-puck(4),-0.160852,-0.218214,217.982434,0.000000
P,e-puck(4),-0.159862,-0.217441,217.982421,0.000000
P,e-puck(4),-0.158869,-0.216666,217.982403,0.000000
P,e-puck(4),-0.157874,-0.215889,217.982386,0.000000
P,e-puck(4),-0.156874,-0.215109,217.982372,0.000000
P,e-puck(4),-0.155870,-0.214324,217.982365,0.000000
P,e-puck(4),-0.154861,-0.213536,217.982367,0.000000
P,e-puck(4),-0.153846,-0.212745,217.982377,0.000000
P,e-puck(4),-0.152827,-0.211949,217.982394,0.000000
P,e-puck(4),-0.151804,-0.211150,217.982415,0.000000
P,e-puck(4),-0.150777,-0.210348,217.982435,0.000000
P,e-puck(4),-0.149748,-0.209545,217.982450,0.000000
P,e-puck(4),-0.148718,-0.208740,217.982457,0.000000
P,e-puck(4),-0.147687,-0.207935,217.982456,0.000000
P,e-puck(4),-0.146658,-0.207132,217.982446,0.000000
P,e-puck(4),-0.145631,-0.206330,217.982431,0.000000
P,e-puck(4),-0.144607,-0.205530,217.982415,0.000000
P,e-puck(4),-0.143588,-0.204734,217.982401,0.000000
P,e-puck(4),-0.142573,-0.203942,217.982393,0.000000
P,e-puck(4),-0.141563,-0.203154,217.982393,0.000000
P,e-puck(4),-0.140559,-0.202370,217.982402,0.000000
P,e-puck(4),-0.139560,-0.201590,217.982417,0.000000
P,e-puck(4),-0.138565,-0.200813,217.982436,0.000000
P,e-puck(4),-0.137574,-0.200039,217.982454,0.000000
P,e-puck(4),-0.136585,-0.199267,217.982468,0.000000
P,e-puck(4),-0.135598,-0.198496,217.982473,0.000000
P,e-puck(4),-0.134611,-0.197725,217.982470,0.000000
P,e-puck(4),-0.133622,-0.196954,217.982458,0.000000
P,e-puck(4),-0.132632,-0.196181,217.982441,0.000000
P,e-puck(4),-0.131639,-0.195405,217.982422,0.000000
P,e-puck(4),-0.130641,-0.194626,217.982405,0.000000
P,e-puck(4),-0.129639,-0.193843,217.982394,0.000000
P,e-puck(4),-0.128631,-0.193057,217.982392,0.000000
P,e-puck(4),-0.127619,-0.192266,217.982399,0.000000
P,e-puck(4),-0.126602,-0.191472,217.982413,0.000000
P,e-puck(4),-0.125580,-0.190675,217.982432,0.000000
P,e-puck(4),-0.124555,-0.189874,217.982451,0.000000
P,e-puck(4),-0.123528,-0.189072,217.982467,0.000000
P,e-puck(4),-0.122500,-0.188269,217.982478,0.000000
P,e-puck(4),-0.121471,-0.187466,217.982480,0.000000
P,e-puck(4),-0.120443,-0.186663,217.982476,0.000000
P,e-puck(4),-0.119418,-0.185863,217.982466,0.000000
P,e-puck(4),-0.118396,-0.185065,217.982455,0.000000
P,e-puck(4),-0.117377,-0.184270,217.982445,0.000000
P,e-puck(4),-0.116364,-0.183478,217.982439,0.000000
P,e-puck(4),-0.115355,-0.182691,217.982438,0.000000
P,e-puck(4),-0.114351,-0.181907,217.982444,0.000000
P,e-puck(4),-0.113351,-0.181126,217.982453,0.000000
P,e-puck(4),-0.112356,-0.180349,217.982463,0.000000
P,e-puck(4),-0.111363,-0.179574,217.982472,0.000000
P,e-puck(4),-0.110373,-0.178801,217.982475,0.000000
P,e-puck(4),-0.109383,-0.178028,217.982472,0.000000
P,e-puck(4),-0.108393,-0.177255,217.982462,0.000000
P,e-puck(4),-0.107402,-0.176481,217.982446,0.000000
P,e-puck(4),-0.106409,-0.175705,217.982427,0.000000
P,e-puck(4),-0.105411,-0.174927,217.982410,0.000000
P,e-puck(4),-0.104410,-0.174145,217.982397,0.000000
P,e-puck(4),-0.103404,-0.173359,217.982391,0.000000
P,e-puck(4),-0.102393,-0.172570,217.982394,0.000000
P,e-puck(4),-0.101377,-0.171777,217.982404,0.000000
P,e-puck(4),-0.100356,-0.170980,217.982419,0.000000
P,e-puck(4),-0.099332,-0.170180,217.982436,0.000000
P,e-puck(4),-0.098304,-0.169378,217.982450,0.000000
P,e-puck(4),-0.097275,-0.168574,217.982459,0.000000
P,e-puck(4),-0.096245,-0.167770,217.982459,0.000000
P,e-puck(4),-0.095215,-0.166965,217.982451,0.000000
P,e-puck(4),-0.094187,-0.166163,217.982436,0.000000
P,e-puck(4),-0.093161,-0.165362,217.982418,0.000000
P,e-puck(4),-0.092140,-0.164564,217.982400,0.000000
P,e-puck(4),-0.091123,-0.163770,217.982386,0.000000
P,e-puck(4),-0.090111,-0.162980,217.982380,0.000000
P,e-puck(4),-0.089104,-0.162194,217.982382,0.000000
P,e-puck(4),-0.088102,-0.161412,217.982391,0.000000
P,e-puck(4),-0.087105,-0.160633,217.982406,0.000000
P,e-puck(4),-0.086111,-0.159858,217.982423,0.000000
P,e-puck(4),-0.085122,-0.159085,217.982437,0.000000
P,e-puck(4),-0.084134,-0.158313,217.982444,0.000000
P,e-puck(4),-0.083147,-0.157543,217.982443,0.000000
P,e-puck(4),-0.082160,-0.156772,217.982433,0.000000
P,e-puck(4),-0.081171,-0.156000,217.982416,0.000000
P,e-puck(4),-0.080179,-0.155226,217.982395,0.000000
P,e-puck(4),-0.079184,-0.154449,217.982374,0.000000
P,e-puck(4),-0.078185,-0.153668,217.982358,0.000000
P,e-puck(4),-0.077180,-0.152884,217.982349,0.000000
P,e-puck(4),-0.076171,-0.152096,217.982350,0.000000
P,e-puck(4),-0.075156,-0.151304,217.982360,0.000000
P,e-puck(4),-0.074137,-0.150508,217.982376,0.000000
P,e-puck(4),-0.073087,-0.149751,217.695541,0.000000
P,e-puck(4),-0.072153,-0.149187,216.972630,0.000000
P,e-puck(4),-0.071546,-0.149013,215.657949,0.000000
P,e-puck(4),-0.071055,-0.149024,213.923401,0.000000
P,e-puck(4),-0.070649,-0.149163,211.908560,0.000000
P,e-puck(4),-0.070433,-0.149538,209.333367,0.000000
P,e-puck(4),-0.070242,-0.149925,206.757083,0.000000
P,e-puck(4),-0.070076,-0.150322,204.180756,0.000000
P,e-puck(4),-0.069934,-0.150728,201.604827,0.000000
P,e-puck(4),-0.069815,-0.151140,199.029434,0.000000
P,e-puck(4),-0.069717,-0.151557,196.454570,0.000000
P,e-puck(4),-0.069640,-0.151977,193.880171,0.000000
P,e-puck(4),-0.069581,-0.152399,191.306157,0.000000
P,e-puck(4),-0.069537,-0.152822,188.732452,0.000000
P,e-puck(4),-0.069509,-0.153245,186.158992,0.000000
P,e-puck(4),-0.069492,-0.153667,183.585722,0.000000
P,e-puck(4),-0.069473,-0.154088,181.012599,0.000000
P,e-puck(4),-0.069465,-0.154511,178.439578,0.000000
P,e-puck(4),-0.069469,-0.154936,175.866602,0.000000
P,e-puck(4),-0.069486,-0.155364,173.264319,0.000000
P,e-puck(4),-0.069517,-0.155790,170.671144,0.000000
P,e-puck(4),-0.069563,-0.156214,168.082998,0.000000
P,e-puck(4),-0.069627,-0.156637,165.497862,0.000000
P,e-puck(4),-0.069708,-0.157058,162.914714,0.000000
P,e-puck(4),-0.069810,-0.157474,160.332967,0.000000
P,e-puck(4),-0.069933,-0.157886,157.752251,0.000000
P,e-puck(4),-0.070079,-0.158289,155.172319,0.000000
P,e-puck(4),-0.070248,-0.158684,152.592996,0.000000
P,e-puck(4),-0.070442,-0.159068,150.014150,0.000000
P,e-puck(4),-0.070661,-0.159438,147.435683,0.000000
P,e-puck(4),-0.070904,-0.159792,144.857522,0.000000
P,e-puck(4),-0.071169,-0.160131,142.279614,0.000000
P,e-puck(4),-0.071474,-0.160381,139.962942,0.000000
P,e-puck(4),-0.071950,-0.160388,138.078871,0.000000
P,e-puck(4),-0.072577,-0.160102,136.812052,0.000000
P,e-puck(4),-0.073300,-0.159608,135.968547,0.000000
P,e-puck(4),-0.074083,-0.158975,135.406688,0.000000
P,e-puck(4),-0.074993,-0.158074,135.409031,0.000000
P,e-puck(4),-0.075910,-0.157168,135.410858,0.000000
P,e-puck(4),-0.076859,-0.156289,135.153871,0.000000
P,e-puck(4),-0.077726,-0.155562,134.546065,0.000000
P,e-puck(4),-0.078354,-0.155176,133.435868,0.000000
P,e-puck(4),-0.078839,-0.155072,131.688919,0.000000
P,e-puck(4),-0.079270,-0.154911,130.360389,0.000000
P,e-puck(4),-0.079804,-0.154504,129.474926,0.000000
P,e-puck(4),-0.080537,-0.153761,128.884200,0.000000
P,e-puck(4),-0.081357,-0.152741,128.884255,0.000000
P,e-puck(4),-0.082184,-0.151713,128.884648,0.000000
P,e-puck(4),-0.083068,-0.150729,128.435895,0.000000
P,e-puck(4),-0.083830,-0.149948,127.725061,0.000000
P,e-puck(4),-0.084407,-0.149323,127.250243,0.000000
P,e-puck(4),-0.084920,-0.148645,127.250867,0.000000
P,e-puck(4),-0.085637,-0.147876,126.604663,0.000000
P,e-puck(4),-0.086430,-0.147153,125.315539,0.000000
P,e-puck(4),-0.086900,-0.146966,123.597788,0.000000
P,e-puck(4),-0.087321,-0.146929,121.554405,0.000000
P,e-puck(4),-0.087682,-0.147143,118.977395,0.000000
P,e-puck(4),-0.087945,-0.147282,117.179016,0.000000
P,e-puck(4),-0.088451,-0.146720,115.992862,0.000000
P,e-puck(4),-0.088970,-0.145933,115.230321,0.000000
P,e-puck(4),-0.089489,-0.145020,114.722267,0.000000
P,e-puck(4),-0.090027,-0.143848,114.723171,0.000000
P,e-puck(4),-0.090568,-0.142667,114.724090,0.000000
P,e-puck(4),-0.091114,-0.141480,114.724881,0.000000
P,e-puck(4),-0.091662,-0.140288,114.725514,0.000000
P,e-puck(4),-0.092213,-0.139091,114.726002,0.000000
P,e-puck(4),-0.092826,-0.137929,114.279348,0.000000
P,e-puck(4),-0.093325,-0.136880,114.123234,0.000000
P,e-puck(4),-0.093795,-0.135828,114.123097,0.000000
P,e-puck(4),-0.094317,-0.134902,113.507172,0.000000
P,e-puck(4),-0.094705,-0.134007,113.507023,0.000000
P,e-puck(4),-0.095220,-0.132821,113.507026,0.000000
P,e-puck(4),-0.095795,-0.131494,113.506929,0.000000
P,e-puck(4),-0.096013,-0.131001,113.509393,0.000000
P,e-puck(4),-0.096712,-0.129727,113.507861,0.000000
P,e-puck(4),-0.097239,-0.128509,113.507845,0.000000
P,e-puck(4),-0.097761,-0.127307,113.507856,0.000000
P,e-puck(4),-0.098332,-0.126573,112.665069,0.000000
P,e-puck(4),-0.097900,-0.126013,111.301367,0.000000
P,e-puck(4),-0.098692,-0.125032,111.252916,0.000000
P,e-puck(4),-0.099371,-0.123925,111.261010,0.000000
P,e-puck(4),-0.100076,-0.122868,111.266440,0.000000
P,e-puck(4),-0.100608,-0.121712,111.270430,0.000000
P,e-puck(4),-0.101090,-0.120511,111.273033,0.000000
P,e-puck(4),-0.101565,-0.119314,111.274741,0.000000
P,e-puck(4),-0.102036,-0.118118,111.275854,0.000000
P,e-puck(4),-0.102505,-0.116923,111.276560,0.000000
P,e-puck(4),-0.102972,-0.115729,111.276992,0.000000
P,e-puck(4),-0.103438,-0.114536,111.277268,0.000000
P,e-puck(4),-0.103904,-0.113343,111.277464,0.000000
P,e-puck(4),-0.104370,-0.112150,111.277645,0.000000
P,e-puck(4),-0.104836,-0.110955,111.277774,0.000000
P,e-puck(4),-0.105330,-0.109768,111.111464,0.000000
P,e-puck(4),-0.105842,-0.108639,110.734753,0.000000
P,e-puck(4),-0.106309,-0.107572,110.420910,0.000000
P,e-puck(4),-0.106753,-0.106605,109.993965,0.000000
P,e-puck(4),-0.107163,-0.105687,109.609697,0.000000
P,e-puck(4),-0.107543,-0.104803,109.274977,0.000000
P,e-puck(4),-0.107941,-0.103826,108.962743,0.000000
P,e-puck(4),-0.108374,-0.102766,108.613268,0.000000
P,e-puck(4),-0.108796,-0.101743,108.226364,0.000000
P,e-puck(4),-0.109243,-0.100786,107.714942,0.000000
P,e-puck(4),-0.109656,-0.099873,107.088369,0.000000
P,e-puck(4),-0.110046,-0.098972,106.456761,0.000000
P,e-puck(4),-0.110402,-0.097999,106.088917,0.000000
P,e-puck(4),-0.110762,-0.096786,106.023091,0.000000
P,e-puck(4),-0.111171,-0.095568,105.977980,0.000000
P,e-puck(4),-0.111553,-0.094368,105.760060,0.000000
P,e-puck(4),-0.111927,-0.093201,105.500174,0.000000
P,e-puck(4),-0.112293,-0.092040,105.218694,0.000000
P,e-puck(4),-0.112659,-0.090929,104.872207,0.000000
P,e-puck(4),-0.112992,-0.089830,104.629357,0.000000
P,e-puck(4),-0.113392,-0.089008,103.569423,0.000000
P,e-puck(4),-0.113771,-0.088666,101.924690,0.000000
P,e-puck(4),-0.114177,-0.088525,99.865232,0.000000
P,e-puck(4),-0.114527,-0.089346,97.552407,0.000000
P,e-puck(4),-0.114839,-0.089977,96.738616,0.000000
P,e-puck(4),-0.115243,-0.090791,94.425495,0.000000
P,e-puck(4),-0.115681,-0.091286,91.828976,0.000000
P,e-puck(4),-0.116086,-0.091921,89.411464,0.000000
P,e-puck(4),-0.116477,-0.092617,87.100425,0.000000
P,e-puck(4),-0.116782,-0.093033,85.142551,0.000000
P,e-puck(4),-0.116938,-0.093301,83.829773,0.000000
P,e-puck(4),-0.116979,-0.092970,82.987667,0.000000
P,e-puck(4),-0.116776,-0.090871,82.896202,0.000000
P,e-puck(4),-0.116903,-0.092030,82.757291,0.000000
P,e-puck(4),-0.116723,-0.091537,83.198053,0.000000
P,e-puck(4),-0.116646,-0.091862,83.059941,0.000000
P,e-puck(4),-0.116486,-0.091898,83.065110,0.000000
P,e-puck(4),-0.116328,-0.091948,83.069370,0.000000
P,e-puck(4),-0.116072,-0.089605,83.274305,0.000000
P,e-puck(4),-0.116181,-0.090327,83.137645,0.000000
P,e-puck(4),-0.115845,-0.090299,83.347099,0.000000
P,e-puck(4),-0.116199,-0.090127,83.194215,0.000000
P,e-puck(4),-0.115939,-0.089875,83.058667,0.000000
P,e-puck(4),-0.115456,-0.089579,82.976707,0.000000
P,e-puck(4),-0.115617,-0.089670,82.683331,0.000000
P,e-puck(4),-0.114929,-0.089135,82.537053,0.000000
P,e-puck(4),-0.115628,-0.089582,82.541253,0.000000
P,e-puck(4),-0.115378,-0.089823,82.400945,0.000000
P,e-puck(4),-0.114983,-0.089567,82.243330,0.000000
P,e-puck(4),-0.114881,-0.088935,82.514156,0.000000
P,e-puck(4),-0.114754,-0.088962,83.232829,0.000000
P,e-puck(4),-0.114931,-0.088334,83.614655,0.000000
P,e-puck(4),-0.114496,-0.087887,84.442692,0.000000
P,e-puck(4),-0.114330,-0.087566,84.985429,0.000000
P,e-puck(4),-0.114127,-0.087567,85.567121,0.000000
P,e-puck(4),-0.113979,-0.087247,85.889538,0.000000
P,e-puck(4),-0.113832,-0.086198,86.030841,0.000000
P,e-puck(4),-0.113801,-0.086066,85.942043,0.000000
P,e-puck(4),-0.113659,-0.085298,86.198037,0.000000
P,e-puck(4),-0.113542,-0.084519,86.470829,0.000000
P,e-puck(4),-0.113443,-0.084209,86.793077,0.000000
P,e-puck(4),-0.113308,-0.083103,87.052782,0.000000
P,e-puck(4),-0.113182,-0.083054,87.559970,0.000000
P,e-puck(4),-0.113158,-0.082016,87.614033,0.000000
P,e-puck(4),-0.112833,-0.081953,87.366273,0.000000
P,e-puck(4),-0.113201,-0.081964,87.367725,0.000000
P,e-puck(4),-0.112926,-0.081353,87.044287,0.000000
P,e-puck(4),-0.113081,-0.080496,87.072240,0.000000
P,e-puck(4),-0.113015,-0.079875,87.206393,0.000000
P,e-puck(4),-0.112988,-0.079243,87.054075,0.000000
P,e-puck(4),-0.112959,-0.078637,87.060973,0.000000
P,e-puck(4),-0.112920,-0.077888,87.058120,0.000000
P,e-puck(4),-0.112916,-0.077631,86.795203,0.000000
P,e-puck(4),-0.112856,-0.077625,86.733645,0.000000
P,e-puck(4),-0.112904,-0.077010,86.090795,0.000000
P,e-puck(4),-0.112919,-0.076764,85.530397,0.000000
P,e-puck(4),-0.112818,-0.075551,85.538896,0.000000
P,e-puck(4),-0.112833,-0.074808,85.010787,0.000000
P,e-puck(4),-0.112806,-0.074756,84.899293,0.000000
P,e-puck(4),-0.112678,-0.074448,85.025837,0.000000
P,e-puck(4),-0.112558,-0.073330,85.031181,0.000000
P,e-puck(4),-0.112340,-0.072409,85.737447,0.000000
P,e-puck(4),-0.112200,-0.071880,86.167593,0.000000
P,e-puck(4),-0.112115,-0.071558,86.343382,0.000000
P,e-puck(4),-0.112092,-0.071070,85.937843,0.000000
P,e-puck(4),-0.111997,-0.070287,85.947079,0.000000
P,e-puck(4),-0.111846,-0.069451,86.262741,0.000000
P,e-puck(4),-0.111809,-0.069448,86.268310,0.000000
P,e-puck(4),-0.111775,-0.068526,85.788461,0.000000
P,e-puck(4),-0.111782,-0.068095,85.353195,0.000000
P,e-puck(4),-0.111719,-0.067021,85.123385,0.000000
P,e-puck(4),-0.111617,-0.065755,85.081460,0.000000
P,e-puck(4),-0.111625,-0.065282,84.491613,0.000000
P,e-puck(4),-0.111601,-0.064796,83.998113,0.000000
P,e-puck(4),-0.111455,-0.063902,84.061814,0.000000
P,e-puck(4),-0.111369,-0.062743,83.822737,0.000000
P,e-puck(4),-0.111240,-0.061635,83.769580,0.000000
P,e-puck(4),-0.111090,-0.059716,83.910668,0.000000
P,e-puck(4),-0.111175,-0.060318,83.787233,0.000000
P,e-puck(4),-0.111072,-0.060276,84.160717,0.000000
P,e-puck(4),-0.110970,-0.059889,84.371506,0.000000
P,e-puck(4),-0.110888,-0.059077,84.373425,0.000000
P,e-puck(4),-0.110801,-0.058565,84.260358,0.000000
P,e-puck(4),-0.110746,-0.057680,84.003058,0.000000
P,e-puck(4),-0.110630,-0.057063,84.006635,0.000000
P,e-puck(4),-0.110459,-0.056644,84.419217,0.000000
P,e-puck(4),-0.110296,-0.055797,84.617517,0.000000
P,e-puck(4),-0.110291,-0.056062,84.614705,0.000000
P,e-puck(4),-0.110324,-0.056231,85.066626,0.000000
P,e-puck(4),-0.110535,-0.056075,83.738905,0.000000
P,e-puck(4),-0.110771,-0.057110,83.024720,0.000000
P,e-puck(4),-0.111149,-0.057076,80.749547,0.000000
P,e-puck(4),-0.111598,-0.057172,78.220506,0.000000
P,e-puck(4),-0.112075,-0.057140,75.397586,0.000000
P,e-puck(4),-0.112487,-0.057004,72.815918,0.000000
P,e-puck(4),-0.112968,-0.056954,69.993777,0.000000
P,e-puck(4),-0.113429,-0.056864,67.212204,0.000000
P,e-puck(4),-0.113879,-0.056748,64.460233,0.000000
P,e-puck(4),-0.114572,-0.057109,61.759379,0.000000
P,e-puck(4),-0.114880,-0.057023,59.942044,0.000000
P,e-puck(4),-0.115310,-0.056812,57.123315,0.000000
P,e-puck(4),-0.115716,-0.056569,54.303865,0.000000
P,e-puck(4),-0.116012,-0.056294,51.902718,0.000000
P,e-puck(4),-0.116514,-0.056172,49.083819,0.000000
P,e-puck(4),-0.116978,-0.055985,46.263969,0.000000
P,e-puck(4),-0.117347,-0.055885,43.661363,0.000000
P,e-puck(4),-0.117676,-0.055858,41.249315,0.000000
P,e-puck(4),-0.117687,-0.055649,39.154922,0.000000
P,e-puck(4),-0.117368,-0.055171,37.734170,0.000000
P,e-puck(4),-0.117022,-0.054961,37.531337,0.000000
P,e-puck(4),-0.116320,-0.055390,36.934994,0.000000
P,e-puck(4),-0.115288,-0.055442,36.937722,0.000000
P,e-puck(4),-0.114646,-0.056584,38.692808,0.000000
P,e-puck(4),-0.115177,-0.057247,38.609215,0.000000
P,e-puck(4),-0.114433,-0.057121,38.343654,0.000000
P,e-puck(4),-0.113931,-0.056992,38.344186,0.000000
P,e-puck(4),-0.113190,-0.057908,40.156912,0.000000
P,e-puck(4),-0.113159,-0.058176,39.935824,0.000000
P,e-puck(4),-0.112206,-0.058539,40.160351,0.000000
P,e-puck(4),-0.111909,-0.059014,41.645561,0.000000
P,e-puck(4),-0.111733,-0.059484,44.065816,0.000000
P,e-puck(4),-0.111398,-0.059854,46.549652,0.000000
P,e-puck(4),-0.111224,-0.059489,47.434819,0.000000
P,e-puck(4),-0.111223,-0.059819,48.919082,0.000000
P,e-puck(4),-0.110862,-0.060246,49.630881,0.000000
P,e-puck(4),-0.110800,-0.060653,50.226816,0.000000
P,e-puck(4),-0.110659,-0.060306,49.816602,0.000000
P,e-puck(4),-0.110630,-0.061499,50.766266,0.000000
P,e-puck(4),-0.110512,-0.061730,51.101332,0.000000
P,e-puck(4),-0.110078,-0.061355,51.368528,0.000000
P,e-puck(4),-0.109757,-0.061810,51.667991,0.000000
P,e-puck(4),-0.109947,-0.061623,52.766274,0.000000
P,e-puck(4),-0.109137,-0.061272,53.656573,0.000000
P,e-puck(4),-0.108858,-0.061970,56.146248,0.000000
P,e-puck(4),-0.108810,-0.062319,56.896734,0.000000
P,e-puck(4),-0.108447,-0.063040,58.892457,0.000000
P,e-puck(4),-0.108006,-0.063732,61.239993,0.000000
P,e-puck(4),-0.107569,-0.064088,63.464401,0.000000
P,e-puck(4),-0.107124,-0.064426,65.453176,0.000000
P,e-puck(4),-0.107088,-0.063147,65.474040,0.000000
P,e-puck(4),-0.105920,-0.064739,65.810679,0.000000
P,e-puck(4),-0.106626,-0.064214,65.812269,0.000000
P,e-puck(4),-0.106478,-0.064580,66.026493,0.000000
P,e-puck(4),-0.106175,-0.065179,66.961431,0.000000
P,e-puck(4),-0.105991,-0.064723,67.697839,0.000000
P,e-puck(4),-0.105845,-0.064830,68.117209,0.000000
P,e-puck(4),-0.105500,-0.065260,69.781173,0.000000
P,e-puck(4),-0.105130,-0.065502,71.006935,0.000000
P,e-puck(4),-0.104979,-0.065448,71.430947,0.000000
P,e-puck(4),-0.104777,-0.065947,72.065396,0.000000
P,e-puck(4),-0.104468,-0.066392,72.562602,0.000000
P,e-puck(4),-0.104450,-0.066205,73.109212,0.000000
P,e-puck(4),-0.104467,-0.065665,73.875862,0.000000
P,e-puck(4),-0.104241,-0.065324,73.644404,0.000000
P,e-puck(4),-0.103889,-0.065291,74.206524,0.000000
P,e-puck(4),-0.104621,-0.064053,75.616347,0.000000
P,e-puck(4),-0.104050,-0.065419,76.269122,0.000000
P,e-puck(4),-0.104115,-0.065252,77.829242,0.000000
P,e-puck(4),-0.103968,-0.065508,78.691611,0.000000
P,e-puck(4),-0.104045,-0.063825,80.773631,0.000000
P,e-puck(4),-0.104273,-0.065098,80.733930,0.000000
P,e-puck(4),-0.104107,-0.065183,81.692129,0.000000
P,e-puck(4),-0.104091,-0.064862,82.020645,0.000000
P,e-puck(4),-0.104024,-0.065347,82.837612,0.000000
P,e-puck(4),-0.103920,-0.064287,82.584267,0.000000
P,e-puck(4),-0.104066,-0.064709,82.044020,0.000000
P,e-puck(4),-0.104264,-0.065238,81.252752,0.000000
P,e-puck(4),-0.104238,-0.065269,81.017910,0.000000
P,e-puck(4),-0.104223,-0.066221,81.568024,0.000000
P,e-puck(4),-0.104271,-0.066762,81.674291,0.000000
P,e-puck(4),-0.104464,-0.066676,80.439170,0.000000
P,e-puck(4),-0.104700,-0.067070,79.316824,0.000000
P,e-puck(4),-0.104669,-0.066638,78.649136,0.000000
P,e-puck(4),-0.104589,-0.066431,78.727850,0.000000
P,e-puck(4),-0.104672,-0.067040,78.585521,0.000000
P,e-puck(4),-0.105054,-0.066642,78.559410,0.000000
P,e-puck(4),-0.104928,-0.064825,79.946346,0.000000
P,e-puck(4),-0.105194,-0.066630,79.955340,0.000000
P,e-puck(4),-0.105282,-0.066342,80.612446,0.000000
P,e-puck(4),-0.105582,-0.066922,79.619434,0.000000
P,e-puck(4),-0.105901,-0.067408,78.143195,0.000000
P,e-puck(4),-0.106163,-0.067629,76.543560,0.000000
P,e-puck(4),-0.106271,-0.067835,75.061432,0.000000
P,e-puck(4),-0.106220,-0.067993,74.073877,0.000000
P,e-puck(4),-0.106058,-0.068146,73.416560,0.000000
P,e-puck(4),-0.105689,-0.068323,73.415796,0.000000
P,e-puck(4),-0.105322,-0.068488,73.416274,0.000000
P,e-puck(4),-0.104956,-0.068659,73.416862,0.000000
P,e-puck(4),-0.104589,-0.068755,73.417360,0.000000
P,e-puck(4),-0.104223,-0.068720,73.417831,0.000000
P,e-puck(4),-0.103720,-0.067688,73.945485,0.000000
P,e-puck(4),-0.103439,-0.067254,74.155115,0.000000
P,e-puck(4),-0.103239,-0.067157,74.574345,0.000000
P,e-puck(4),-0.103044,-0.067029,75.281609,0.000000
P,e-puck(4),-0.102863,-0.066769,75.460167,0.000000
P,e-puck(4),-0.102367,-0.064795,75.206249,0.000000
P,e-puck(4),-0.102666,-0.065828,75.061250,0.000000
P,e-puck(4),-0.102702,-0.065304,73.983532,0.000000
P,e-puck(4),-0.102591,-0.065113,73.462425,0.000000
P,e-puck(4),-0.102512,-0.064634,73.181659,0.000000
P,e-puck(4),-0.102459,-0.064031,73.288711,0.000000
P,e-puck(4),-0.102205,-0.063475,72.556198,0.000000
P,e-puck(4),-0.102155,-0.063228,71.751532,0.000000
P,e-puck(4),-0.101843,-0.062630,71.367861,0.000000
P,e-puck(4),-0.101561,-0.062566,71.050356,0.000000
P,e-puck(4),-0.100939,-0.060657,70.726374,0.000000
P,e-puck(4),-0.101335,-0.062201,70.681074,0.000000
P,e-puck(4),-0.101078,-0.061905,70.706426,0.000000
P,e-puck(4),-0.101231,-0.062251,70.582443,0.000000
P,e-puck(4),-0.100898,-0.061324,70.591073,0.000000
P,e-puck(4),-0.100967,-0.061495,70.172329,0.000000
P,e-puck(4),-0.100335,-0.061028,69.518478,0.000000
P,e-puck(4),-0.099998,-0.060177,68.590968,0.000000
P,e-puck(4),-0.100653,-0.060342,68.590765,0.000000
P,e-puck(4),-0.100180,-0.060023,68.001658,0.000000
P,e-puck(4),-0.099769,-0.058989,68.011939,0.000000
P,e-puck(4),-0.099871,-0.059348,67.877233,0.000000
P,e-puck(4),-0.099749,-0.058892,67.240882,0.000000
P,e-puck(4),-0.099554,-0.059170,67.570748,0.000000
P,e-puck(4),-0.099446,-0.059467,67.646109,0.000000
P,e-puck(4),-0.099681,-0.059222,68.690594,0.000000
P,e-puck(4),-0.099261,-0.058896,69.114555,0.000000
P,e-puck(4),-0.098988,-0.059554,68.715953,0.000000
P,e-puck(4),-0.099340,-0.059111,68.715638,0.000000
P,e-puck(4),-0.099351,-0.058540,67.579331,0.000000
P,e-puck(4),-0.098677,-0.057706,66.680651,0.000000
P,e-puck(4),-0.099382,-0.058232,65.991004,0.000000
P,e-puck(4),-0.098725,-0.057986,65.842636,0.000000
P,e-puck(4),-0.098001,-0.058282,65.611029,0.000000
P,e-puck(4),-0.098029,-0.058055,65.480656,0.000000
P,e-puck(4),-0.097801,-0.058645,65.696761,0.000000
P,e-puck(4),-0.097363,-0.058152,65.701339,0.000000
P,e-puck(4),-0.097159,-0.058599,66.041491,0.000000
P,e-puck(4),-0.097214,-0.058870,65.011168,0.000000
P,e-puck(4),-0.097300,-0.059076,64.267953,0.000000
P,e-puck(4),-0.096945,-0.058548,64.277078,0.000000
P,e-puck(4),-0.096892,-0.058398,63.588758,0.000000
P,e-puck(4),-0.096953,-0.058669,63.365696,0.000000
P,e-puck(4),-0.096544,-0.058365,62.818462,0.000000
P,e-puck(4),-0.095933,-0.057560,62.818741,0.000000
P,e-puck(4),-0.095773,-0.057861,63.126448,0.000000
P,e-puck(4),-0.095301,-0.058150,63.704780,0.000000
P,e-puck(4),-0.095373,-0.057650,64.974174,0.000000
P,e-puck(4),-0.095149,-0.057254,65.012849,0.000000
P,e-puck(4),-0.095251,-0.056744,64.654685,0.000000
P,e-puck(4),-0.094816,-0.055782,64.744057,0.000000
P,e-puck(4),-0.095208,-0.055901,63.117746,0.000000
P,e-puck(4),-0.095692,-0.055674,61.043266,0.000000
P,e-puck(4),-0.096183,-0.055640,58.311120,0.000000
P,e-puck(4),-0.096585,-0.055355,55.608293,0.000000
P,e-puck(4),-0.096979,-0.055143,53.242991,0.000000
P,e-puck(4),-0.097203,-0.054841,51.857507,0.000000
P,e-puck(4),-0.097226,-0.054243,51.055157,0.000000
P,e-puck(4),-0.097405,-0.053981,50.441201,0.000000
P,e-puck(4),-0.097408,-0.053963,50.408525,0.000000
P,e-puck(4),-0.097428,-0.053347,49.168276,0.000000
P,e-puck(4),-0.097539,-0.052852,47.477759,0.000000
P,e-puck(4),-0.097868,-0.052640,45.396560,0.000000
P,e-puck(4),-0.098109,-0.052347,42.677228,0.000000
P,e-puck(4),-0.098517,-0.052292,40.006258,0.000000
P,e-puck(4),-0.098522,-0.051874,38.182572,0.000000
P,e-puck(4),-0.098216,-0.051268,37.024496,0.000000
P,e-puck(4),-0.098186,-0.051238,35.817949,0.000000
