P,e-puck(8),0.768373,0.158881,319.526698,0.000000
P,e-puck(8),0.768364,0.158887,319.526688,0.000000
P,e-puck(8),0.768053,0.159152,319.526685,0.000000
P,e-puck(8),0.767520,0.159606,319.526665,0.000000
P,e-puck(8),0.766552,0.160431,319.526615,0.000000
P,e-puck(8),0.765578,0.161262,319.526567,0.000000
P,e-puck(8),0.764600,0.162097,319.526518,0.000000
P,e-puck(8),0.763616,0.162936,319.526468,0.000000
P,e-puck(8),0.762629,0.163778,319.526418,0.000000
P,e-puck(8),0.761639,0.164623,319.526372,0.000000
P,e-puck(8),0.760647,0.165470,319.526332,0.000000
P,e-puck(8),0.759654,0.166317,319.526301,0.000000
P,e-puck(8),0.758660,0.167165,319.526280,0.000000
P,e-puck(8),0.757668,0.168012,319.526269,0.000000
P,e-puck(8),0.756677,0.168857,319.526265,0.000000
P,e-puck(8),0.755690,0.169699,319.526265,0.000000
P,e-puck(8),0.754706,0.170539,319.526265,0.000000
P,e-puck(8),0.753727,0.171374,319.526262,0.000000
P,e-puck(8),0.752752,0.172206,319.526255,0.000000
P,e-puck(8),0.751782,0.173034,319.526242,0.000000
P,e-puck(8),0.750816,0.173858,319.526226,0.000000
P,e-puck(8),0.749854,0.174679,319.526209,0.000000
P,e-puck(8),0.748895,0.175497,319.526195,0.000000
P,e-puck(8),0.747939,0.176313,319.526186,0.000000
P,e-puck(8),0.746983,0.177129,319.526184,0.000000
P,e-puck(8),0.746027,0.177944,319.526191,0.000000
P,e-puck(8),0.745071,0.178760,319.526206,0.000000
P,e-puck(8),0.744112,0.179578,319.526227,0.000000
P,e-puck(8),0.743151,0.180399,319.526250,0.000000
P,e-puck(8),0.742185,0.181222,319.526273,0.000000
P,e-puck(8),0.741216,0.182049,319.526292,0.000000
P,e-puck(8),0.740242,0.182880,319.526307,0.000000
P,e-puck(8),0.739264,0.183715,319.526316,0.000000
P,e-puck(8),0.738282,0.184553,319.526322,0.000000
P,e-puck(8),0.737297,0.185394,319.526328,0.000000
P,e-puck(8),0.736308,0.186237,319.526335,0.000000
P,e-puck(8),0.735318,0.187082,319.526348,0.000000
P,e-puck(8),0.734327,0.187927,319.526367,0.000000
P,e-puck(8),0.733337,0.188773,319.526393,0.000000
P,e-puck(8),0.732347,0.189617,319.526426,0.000000
P,e-puck(8),0.731360,0.190459,319.526462,0.000000
P,e-puck(8),0.730376,0.191299,319.526499,0.000000
P,e-puck(8),0.729396,0.192135,319.526534,0.000000
P,e-puck(8),0.728420,0.192968,319.526565,0.000000
P,e-puck(8),0.727449,0.193796,319.526591,0.000000
P,e-puck(8),0.726482,0.194622,319.526611,0.000000
P,e-puck(8),0.725518,0.195443,319.526630,0.000000
P,e-puck(8),0.724559,0.196262,319.526648,0.000000
P,e-puck(8),0.723602,0.197079,319.526670,0.000000
P,e-puck(8),0.722646,0.197894,319.526697,0.000000
P,e-puck(8),0.721691,0.198709,319.526732,0.000000
P,e-puck(8),0.720736,0.199524,319.526773,0.000000
P,e-puck(8),0.719779,0.200341,319.526818,0.000000
P,e-puck(8),0.718819,0.201160,319.526865,0.000000
P,e-puck(8),0.717856,0.201981,319.526909,0.000000
P,e-puck(8),0.716889,0.202807,319.526947,0.000000
P,e-puck(8),0.715918,0.203636,319.526976,0.000000
P,e-puck(8),0.714941,0.204469,319.526995,0.000000
P,e-puck(8),0.713961,0.205305,319.527006,0.000000
P,e-puck(8),0.712976,0.206146,319.527010,0.000000
P,e-puck(8),0.711987,0.206989,319.527010,0.000000
P,e-puck(8),0.710996,0.207835,319.527012,0.000000
P,e-puck(8),0.710003,0.208682,319.527018,0.000000
P,e-puck(8),0.709009,0.209530,319.527029,0.000000
P,e-puck(8),0.708016,0.210378,319.527047,0.000000
P,e-puck(8),0.707025,0.211224,319.527070,0.000000
P,e-puck(8),0.706035,0.212068,319.527095,0.000000
P,e-puck(8),0.705050,0.212909,319.527119,0.000000
P,e-puck(8),0.704068,0.213747,319.527137,0.000000
P,e-puck(8),0.703091,0.214581,319.527148,0.000000
P,e-puck(8),0.702118,0.215411,319.527150,0.000000
P,e-puck(8),0.701150,0.216237,319.527143,0.000000
P,e-puck(8),0.700186,0.217059,319.527130,0.000000
P,e-puck(8),0.699225,0.217879,319.527114,0.000000
P,e-puck(8),0.698268,0.218696,319.527097,0.000000
P,e-puck(8),0.697312,0.219511,319.527084,0.000000
P,e-puck(8),0.696357,0.220326,319.527075,0.000000
P,e-puck(8),0.695401,0.221142,319.527072,0.000000
P,e-puck(8),0.694444,0.221958,319.527073,0.000000
P,e-puck(8),0.693485,0.222777,319.527074,0.000000
P,e-puck(8),0.692523,0.223598,319.527074,0.000000
P,e-puck(8),0.691556,0.224423,319.527069,0.000000
P,e-puck(8),0.690586,0.225251,319.527057,0.000000
P,e-puck(8),0.689611,0.226083,319.527035,0.000000
P,e-puck(8),0.688631,0.226919,319.527007,0.000000
P,e-puck(8),0.687648,0.227758,319.526972,0.000000
P,e-puck(8),0.686662,0.228599,319.526935,0.000000
P,e-puck(8),0.685673,0.229443,319.526898,0.000000
P,e-puck(8),0.684682,0.230288,319.526864,0.000000
P,e-puck(8),0.683691,0.231134,319.526836,0.000000
P,e-puck(8),0.682701,0.231979,319.526812,0.000000
P,e-puck(8),0.681713,0.232822,319.526792,0.000000
P,e-puck(8),0.680727,0.233664,319.526774,0.000000
P,e-puck(8),0.679744,0.234502,319.526755,0.000000
P,e-puck(8),0.678765,0.235337,319.526732,0.000000
P,e-puck(8),0.677791,0.236169,319.526704,0.000000
P,e-puck(8),0.676821,0.236996,319.526670,0.000000
P,e-puck(8),0.675855,0.237821,319.526633,0.000000
P,e-puck(8),0.674893,0.238642,319.526594,0.000000
P,e-puck(8),0.673934,0.239460,319.526557,0.000000
P,e-puck(8),0.672977,0.240277,319.526524,0.000000
P,e-puck(8),0.672021,0.241092,319.526497,0.000000
P,e-puck(8),0.671065,0.241907,319.526479,0.000000
P,e-puck(8),0.670109,0.242724,319.526466,0.000000
P,e-puck(8),0.669151,0.243541,319.526458,0.000000
P,e-puck(8),0.668189,0.244362,319.526451,0.000000
P,e-puck(8),0.667224,0.245185,319.526441,0.000000
P,e-puck(8),0.666255,0.246012,319.526426,0.000000
P,e-puck(8),0.665282,0.246843,319.526405,0.000000
P,e-puck(8),0.664303,0.247677,319.526376,0.000000
P,e-puck(8),0.663321,0.248516,319.526342,0.000000
P,e-puck(8),0.662334,0.249358,319.526306,0.000000
P,e-puck(8),0.661345,0.250202,319.526271,0.000000
P,e-puck(8),0.660353,0.251048,319.526242,0.000000
P,e-puck(8),0.659359,0.251896,319.526221,0.000000
P,e-puck(8),0.658366,0.252744,319.526210,0.000000
P,e-puck(8),0.657373,0.253590,319.526209,0.000000
P,e-puck(8),0.656383,0.254436,319.526214,0.000000
P,e-puck(8),0.655395,0.255278,319.526224,0.000000
P,e-puck(8),0.654411,0.256118,319.526234,0.000000
P,e-puck(8),0.653432,0.256954,319.526241,0.000000
P,e-puck(8),0.652456,0.257786,319.526244,0.000000
P,e-puck(8),0.651486,0.258614,319.526240,0.000000
P,e-puck(8),0.650520,0.259438,319.526233,0.000000
P,e-puck(8),0.649558,0.260259,319.526224,0.000000
P,e-puck(8),0.648599,0.261078,319.526217,0.000000
P,e-puck(8),0.647642,0.261894,319.526214,0.000000
P,e-puck(8),0.646687,0.262709,319.526220,0.000000
P,e-puck(8),0.645732,0.263523,319.526234,0.000000
P,e-puck(8),0.644777,0.264339,319.526257,0.000000
P,e-puck(8),0.643819,0.265156,319.526286,0.000000
P,e-puck(8),0.642859,0.265975,319.526319,0.000000
P,e-puck(8),0.641895,0.266797,319.526352,0.000000
P,e-puck(8),0.640928,0.267623,319.526381,0.000000
P,e-puck(8),0.639956,0.268452,319.526405,0.000000
P,e-puck(8),0.639010,0.269315,319.279343,0.000000
P,e-puck(8),0.638324,0.270107,318.396102,0.000000
P,e-puck(8),0.637994,0.270683,317.159887,0.000000
P,e-puck(8),0.637882,0.271179,315.477128,0.000000
P,e-puck(8),0.637919,0.271614,313.496226,0.000000
P,e-puck(8),0.638243,0.271901,310.919152,0.000000
P,e-puck(8),0.638585,0.272165,308.340834,0.000000
P,e-puck(8),0.638941,0.272407,305.762453,0.000000
P,e-puck(8),0.639312,0.272626,303.184536,0.000000
P,e-puck(8),0.639693,0.272823,300.607277,0.000000
P,e-puck(8),0.640084,0.273000,298.030700,0.000000
P,e-puck(8),0.640481,0.273157,295.454755,0.000000
P,e-puck(8),0.640883,0.273297,292.879363,0.000000
P,e-puck(8),0.641289,0.273422,290.304438,0.000000
P,e-puck(8),0.641697,0.273533,287.729905,0.000000
P,e-puck(8),0.642101,0.273655,285.155683,0.000000
P,e-puck(8),0.642508,0.273765,282.581745,0.000000
P,e-puck(8),0.642919,0.273864,280.008061,0.000000
P,e-puck(8),0.643333,0.273950,277.434607,0.000000
P,e-puck(8),0.643751,0.274021,274.861361,0.000000
P,e-puck(8),0.644173,0.274077,272.288308,0.000000
P,e-puck(8),0.644597,0.274115,269.715430,0.000000
P,e-puck(8),0.645026,0.274133,267.142701,0.000000
P,e-puck(8),0.645460,0.274131,264.529026,0.000000
P,e-puck(8),0.645890,0.274106,261.930704,0.000000
P,e-puck(8),0.646319,0.274058,259.339867,0.000000
P,e-puck(8),0.646746,0.273984,256.753046,0.000000
P,e-puck(8),0.647168,0.273886,254.168883,0.000000
P,e-puck(8),0.647583,0.273762,251.586589,0.000000
P,e-puck(8),0.647989,0.273613,249.005679,0.000000
P,e-puck(8),0.648385,0.273439,246.425838,0.000000
P,e-puck(8),0.648770,0.273241,243.846845,0.000000
P,e-puck(8),0.649142,0.273021,241.268537,0.000000
P,e-puck(8),0.649501,0.272781,238.690790,0.000000
P,e-puck(8),0.649846,0.272523,236.113509,0.000000
P,e-puck(8),0.650178,0.272249,233.536615,0.000000
P,e-puck(8),0.650456,0.271989,231.264428,0.000000
P,e-puck(8),0.650531,0.271606,229.473196,0.000000
P,e-puck(8),0.650199,0.270917,228.281129,0.000000
P,e-puck(8),0.649685,0.270148,227.487407,0.000000
P,e-puck(8),0.649047,0.269327,226.958738,0.000000
P,e-puck(8),0.648165,0.268386,226.961046,0.000000
P,e-puck(8),0.647277,0.267437,226.962882,0.000000
P,e-puck(8),0.646384,0.266483,226.964282,0.000000
P,e-puck(8),0.645487,0.265524,226.965314,0.000000
P,e-puck(8),0.644588,0.264562,226.966054,0.000000
P,e-puck(8),0.643689,0.263598,226.966565,0.000000
P,e-puck(8),0.642807,0.262622,226.828953,0.000000
P,e-puck(8),0.642025,0.261713,226.501409,0.000000
P,e-puck(8),0.641434,0.260954,225.904336,0.000000
P,e-puck(8),0.640789,0.260251,225.734628,0.000000
P,e-puck(8),0.640010,0.259442,225.686933,0.000000
P,e-puck(8),0.639112,0.258505,225.607003,0.000000
P,e-puck(8),0.638212,0.257559,225.489685,0.000000
P,e-puck(8),0.637315,0.256605,225.301994,0.000000
P,e-puck(8),0.636417,0.255655,225.108108,0.000000
P,e-puck(8),0.635619,0.254811,224.909768,0.000000
P,e-puck(8),0.634825,0.253975,224.707816,0.000000
P,e-puck(8),0.634032,0.253148,224.517993,0.000000
P,e-puck(8),0.633242,0.252326,224.307490,0.000000
P,e-puck(8),0.632477,0.251486,223.884114,0.000000
P,e-puck(8),0.631720,0.250674,223.499228,0.000000
P,e-puck(8),0.630970,0.249895,223.182210,0.000000
P,e-puck(8),0.630218,0.249123,222.871318,0.000000
P,e-puck(8),0.629461,0.248358,222.580034,0.000000
P,e-puck(8),0.628691,0.247604,222.360026,0.000000
P,e-puck(8),0.627921,0.246840,222.069901,0.000000
P,e-puck(8),0.627056,0.246018,221.870594,0.000000
P,e-puck(8),0.626187,0.245188,221.631206,0.000000
P,e-puck(8),0.625307,0.244358,221.401086,0.000000
P,e-puck(8),0.624420,0.243528,221.167029,0.000000
P,e-puck(8),0.623527,0.242702,220.952303,0.000000
P,e-puck(8),0.622629,0.241882,220.750330,0.000000
P,e-puck(8),0.621730,0.241066,220.550027,0.000000
P,e-puck(8),0.620949,0.240288,220.017452,0.000000
P,e-puck(8),0.620230,0.239607,219.640960,0.000000
P,e-puck(8),0.619506,0.238935,219.284692,0.000000
P,e-puck(8),0.618771,0.238271,218.974378,0.000000
P,e-puck(8),0.617879,0.237500,218.731077,0.000000
P,e-puck(8),0.616954,0.236724,218.559906,0.000000
P,e-puck(8),0.616034,0.235928,218.246237,0.000000
P,e-puck(8),0.615099,0.235143,218.006014,0.000000
P,e-puck(8),0.614158,0.234363,217.776755,0.000000
P,e-puck(8),0.613228,0.233575,217.433313,0.000000
P,e-puck(8),0.612383,0.232864,217.108495,0.000000
P,e-puck(8),0.611537,0.232166,216.808129,0.000000
P,e-puck(8),0.610689,0.231480,216.539339,0.000000
P,e-puck(8),0.609832,0.230806,216.339887,0.000000
P,e-puck(8),0.608973,0.230132,216.124456,0.000000
P,e-puck(8),0.608080,0.229435,215.889732,0.000000
P,e-puck(8),0.607154,0.228711,215.612171,0.000000
P,e-puck(8),0.606210,0.227996,215.412761,0.000000
P,e-puck(8),0.605267,0.227270,215.122814,0.000000
P,e-puck(8),0.604319,0.226544,214.811475,0.000000
P,e-puck(8),0.603364,0.225826,214.525485,0.000000
P,e-puck(8),0.602407,0.225116,214.254677,0.000000
P,e-puck(8),0.601466,0.224425,213.986135,0.000000
P,e-puck(8),0.600542,0.223753,213.717951,0.000000
P,e-puck(8),0.599620,0.223090,213.467706,0.000000
P,e-puck(8),0.598697,0.222437,213.234879,0.000000
P,e-puck(8),0.597770,0.221797,213.058459,0.000000
P,e-puck(8),0.596840,0.221160,212.883684,0.000000
P,e-puck(8),0.595915,0.220510,212.607119,0.000000
P,e-puck(8),0.594988,0.219857,212.286846,0.000000
P,e-puck(8),0.594051,0.219212,212.002175,0.000000
P,e-puck(8),0.593099,0.218578,211.789238,0.000000
P,e-puck(8),0.592144,0.217941,211.544220,0.000000
P,e-puck(8),0.591176,0.217311,211.349148,0.000000
P,e-puck(8),0.590205,0.216673,211.099474,0.000000
P,e-puck(8),0.589229,0.216028,210.795095,0.000000
P,e-puck(8),0.588246,0.215387,210.489357,0.000000
P,e-puck(8),0.587255,0.214753,210.213983,0.000000
P,e-puck(8),0.586255,0.214130,209.984198,0.000000
P,e-puck(8),0.585255,0.213510,209.744513,0.000000
P,e-puck(8),0.584251,0.212898,209.530369,0.000000
P,e-puck(8),0.583249,0.212285,209.274691,0.000000
P,e-puck(8),0.582243,0.211684,209.069465,0.000000
P,e-puck(8),0.581236,0.211091,208.879118,0.000000
P,e-puck(8),0.580232,0.210495,208.641140,0.000000
P,e-puck(8),0.579231,0.209899,208.369024,0.000000
P,e-puck(8),0.578228,0.209313,208.114399,0.000000
P,e-puck(8),0.577224,0.208735,207.879642,0.000000
P,e-puck(8),0.576218,0.208165,207.666545,0.000000
P,e-puck(8),0.575214,0.207599,207.440711,0.000000
P,e-puck(8),0.574209,0.207037,207.213481,0.000000
P,e-puck(8),0.573200,0.206482,207.002703,0.000000
P,e-puck(8),0.572190,0.205929,206.783068,0.000000
P,e-puck(8),0.571176,0.205378,206.559552,0.000000
P,e-puck(8),0.570156,0.204831,206.346748,0.000000
P,e-puck(8),0.569127,0.204292,206.180887,0.000000
P,e-puck(8),0.568082,0.203747,205.998864,0.000000
P,e-puck(8),0.567024,0.203190,205.764653,0.000000
P,e-puck(8),0.565955,0.202641,205.574587,0.000000
P,e-puck(8),0.564882,0.202092,205.371163,0.000000
P,e-puck(8),0.563811,0.201535,205.088422,0.000000
P,e-puck(8),0.562741,0.200981,204.781411,0.000000
P,e-puck(8),0.561670,0.200440,204.502780,0.000000
P,e-puck(8),0.560643,0.199927,204.243727,0.000000
P,e-puck(8),0.559616,0.199431,204.043371,0.000000
P,e-puck(8),0.558597,0.198938,203.815350,0.000000
P,e-puck(8),0.557579,0.198450,203.587375,0.000000
P,e-puck(8),0.556561,0.197969,203.373477,0.000000
P,e-puck(8),0.555538,0.197496,203.187499,0.000000
P,e-puck(8),0.554510,0.197023,202.995452,0.000000
P,e-puck(8),0.553415,0.196529,202.824526,0.000000
P,e-puck(8),0.552312,0.196035,202.646952,0.000000
P,e-puck(8),0.551205,0.195537,202.439595,0.000000
P,e-puck(8),0.550093,0.195040,202.216347,0.000000
P,e-puck(8),0.548975,0.194551,202.021257,0.000000
P,e-puck(8),0.547855,0.194068,201.841069,0.000000
P,e-puck(8),0.546738,0.193587,201.639854,0.000000
P,e-puck(8),0.545624,0.193109,201.421705,0.000000
P,e-puck(8),0.544514,0.192637,201.204223,0.000000
P,e-puck(8),0.543416,0.192182,201.029553,0.000000
P,e-puck(8),0.542323,0.191734,200.856694,0.000000
P,e-puck(8),0.541240,0.191283,200.627740,0.000000
P,e-puck(8),0.540161,0.190842,200.418794,0.000000
P,e-puck(8),0.539087,0.190406,200.196865,0.000000
P,e-puck(8),0.538016,0.189980,200.001495,0.000000
P,e-puck(8),0.536934,0.189587,200.001474,0.000000
P,e-puck(8),0.535849,0.189193,200.001472,0.000000
P,e-puck(8),0.534627,0.188748,200.001647,0.000000
P,e-puck(8),0.533396,0.188300,200.001823,0.000000
P,e-puck(8),0.532157,0.187850,200.001976,0.000000
P,e-puck(8),0.530914,0.187398,200.002092,0.000000
P,e-puck(8),0.529668,0.186944,200.002167,0.000000
P,e-puck(8),0.528423,0.186491,200.002203,0.000000
P,e-puck(8),0.527180,0.186038,200.002206,0.000000
P,e-puck(8),0.525942,0.185588,200.002185,0.000000
P,e-puck(8),0.524725,0.185145,200.002168,0.000000
P,e-puck(8),0.523530,0.184710,200.002169,0.000000
P,e-puck(8),0.522343,0.184278,200.002170,0.000000
P,e-puck(8),0.521162,0.183848,200.002170,0.000000
P,e-puck(8),0.519987,0.183420,200.002165,0.000000
P,e-puck(8),0.518817,0.182994,200.002152,0.000000
P,e-puck(8),0.517648,0.182569,200.002128,0.000000
P,e-puck(8),0.516480,0.182144,200.002093,0.000000
P,e-puck(8),0.515309,0.181718,200.002048,0.000000
P,e-puck(8),0.514136,0.181290,200.001996,0.000000
P,e-puck(8),0.512957,0.180861,200.001942,0.000000
P,e-puck(8),0.511750,0.180422,200.001915,0.000000
P,e-puck(8),0.510536,0.179980,200.001893,0.000000
P,e-puck(8),0.509317,0.179536,200.001873,0.000000
P,e-puck(8),0.508095,0.179082,199.948408,0.000000
P,e-puck(8),0.506872,0.178621,199.842876,0.000000
P,e-puck(8),0.505649,0.178159,199.720750,0.000000
P,e-puck(8),0.504473,0.177716,199.591471,0.000000
P,e-puck(8),0.503347,0.177293,199.458900,0.000000
P,e-puck(8),0.502228,0.176873,199.306275,0.000000
P,e-puck(8),0.501113,0.176460,199.173214,0.000000
P,e-puck(8),0.500002,0.176049,199.017580,0.000000
P,e-puck(8),0.498896,0.175637,198.835378,0.000000
P,e-puck(8),0.497791,0.175231,198.659623,0.000000
P,e-puck(8),0.496687,0.174830,198.488530,0.000000
P,e-puck(8),0.495582,0.174434,198.327593,0.000000
P,e-puck(8),0.494474,0.174045,198.187515,0.000000
P,e-puck(8),0.493363,0.173655,198.038507,0.000000
P,e-puck(8),0.492248,0.173266,197.880198,0.000000
P,e-puck(8),0.491128,0.172877,197.713575,0.000000
P,e-puck(8),0.490000,0.172492,197.560293,0.000000
P,e-puck(8),0.488864,0.172108,197.415197,0.000000
P,e-puck(8),0.487720,0.171726,197.273818,0.000000
P,e-puck(8),0.486568,0.171344,197.124127,0.000000
P,e-puck(8),0.485409,0.170964,196.985017,0.000000
P,e-puck(8),0.484245,0.170581,196.817819,0.000000
P,e-puck(8),0.483074,0.170202,196.665682,0.000000
P,e-puck(8),0.481901,0.169822,196.490577,0.000000
P,e-puck(8),0.480726,0.169447,196.317834,0.000000
P,e-puck(8),0.479552,0.169076,196.153714,0.000000
P,e-puck(8),0.478380,0.168712,195.995864,0.000000
P,e-puck(8),0.477212,0.168352,195.843897,0.000000
P,e-puck(8),0.476049,0.168001,195.708129,0.000000
P,e-puck(8),0.474891,0.167654,195.577337,0.000000
P,e-puck(8),0.473739,0.167310,195.432150,0.000000
P,e-puck(8),0.472593,0.166972,195.298232,0.000000
P,e-puck(8),0.471451,0.166637,195.155993,0.000000
P,e-puck(8),0.470313,0.166304,195.001280,0.000000
P,e-puck(8),0.469176,0.165977,194.863542,0.000000
P,e-puck(8),0.468047,0.165636,194.608970,0.000000
P,e-puck(8),0.466922,0.165293,194.303811,0.000000
P,e-puck(8),0.465800,0.164960,194.010941,0.000000
P,e-puck(8),0.464681,0.164646,193.791533,0.000000
P,e-puck(8),0.463568,0.164336,193.557515,0.000000
P,e-puck(8),0.462459,0.164038,193.370021,0.000000
P,e-puck(8),0.461354,0.163744,193.167537,0.000000
P,e-puck(8),0.460250,0.163455,192.977956,0.000000
P,e-puck(8),0.459145,0.163172,192.796654,0.000000
P,e-puck(8),0.458036,0.162893,192.631333,0.000000
P,e-puck(8),0.456887,0.162613,192.487506,0.000000
P,e-puck(8),0.455699,0.162328,192.353307,0.000000
P,e-puck(8),0.454503,0.162044,192.214182,0.000000
P,e-puck(8),0.453300,0.161764,192.091346,0.000000
P,e-puck(8),0.452091,0.161486,191.969517,0.000000
P,e-puck(8),0.450878,0.161210,191.849571,0.000000
P,e-puck(8),0.449662,0.160936,191.729783,0.000000
P,e-puck(8),0.448445,0.160664,191.608770,0.000000
P,e-puck(8),0.447227,0.160395,191.490855,0.000000
P,e-puck(8),0.446012,0.160128,191.365129,0.000000
P,e-puck(8),0.444799,0.159865,191.242396,0.000000
P,e-puck(8),0.443590,0.159606,191.122548,0.000000
P,e-puck(8),0.442381,0.159369,191.122612,0.000000
P,e-puck(8),0.441175,0.159132,191.122742,0.000000
P,e-puck(8),0.439968,0.158895,191.122876,0.000000
P,e-puck(8),0.438759,0.158657,191.122987,0.000000
P,e-puck(8),0.437522,0.158415,191.123089,0.000000
P,e-puck(8),0.436258,0.158166,191.123185,0.000000
P,e-puck(8),0.434988,0.157916,191.123265,0.000000
P,e-puck(8),0.433711,0.157665,191.123332,0.000000
P,e-puck(8),0.432429,0.157413,191.123384,0.000000
P,e-puck(8),0.431145,0.157161,191.123425,0.000000
P,e-puck(8),0.429858,0.156908,191.123453,0.000000
P,e-puck(8),0.428571,0.156655,191.123471,0.000000
P,e-puck(8),0.427286,0.156402,191.123479,0.000000
P,e-puck(8),0.426004,0.156150,191.123481,0.000000
P,e-puck(8),0.424727,0.155899,191.123478,0.000000
P,e-puck(8),0.423456,0.155649,191.123474,0.000000
P,e-puck(8),0.422192,0.155401,191.123470,0.000000
P,e-puck(8),0.420936,0.155154,191.123469,0.000000
P,e-puck(8),0.419686,0.154908,191.123469,0.000000
P,e-puck(8),0.418444,0.154664,191.123470,0.000000
P,e-puck(8),0.417207,0.154421,191.123472,0.000000
P,e-puck(8),0.415976,0.154179,191.123471,0.000000
P,e-puck(8),0.414748,0.153937,191.123466,0.000000
P,e-puck(8),0.413522,0.153696,191.123456,0.000000
P,e-puck(8),0.412296,0.153455,191.123439,0.000000
P,e-puck(8),0.411069,0.153214,191.123418,0.000000
P,e-puck(8),0.409838,0.152972,191.123392,0.000000
P,e-puck(8),0.408617,0.152680,190.805862,0.000000
P,e-puck(8),0.407397,0.152394,190.469502,0.000000
P,e-puck(8),0.406447,0.152129,189.913456,0.000000
P,e-puck(8),0.405500,0.151886,189.425530,0.000000
P,e-puck(8),0.404550,0.151674,189.084132,0.000000
P,e-puck(8),0.403596,0.151464,188.725947,0.000000
P,e-puck(8),0.402461,0.151245,188.446449,0.000000
P,e-puck(8),0.401306,0.151037,188.210785,0.000000
P,e-puck(8),0.400129,0.150838,188.024185,0.000000
P,e-puck(8),0.398941,0.150645,187.862845,0.000000
P,e-puck(8),0.397700,0.150475,187.862848,0.000000
P,e-puck(8),0.396413,0.150298,187.862996,0.000000
P,e-puck(8),0.395119,0.150119,187.863173,0.000000
P,e-puck(8),0.393819,0.149940,187.863332,0.000000
P,e-puck(8),0.392515,0.149760,187.863454,0.000000
P,e-puck(8),0.391209,0.149580,187.863536,0.000000
P,e-puck(8),0.389904,0.149400,187.863582,0.000000
P,e-puck(8),0.388602,0.149220,187.863599,0.000000
P,e-puck(8),0.387305,0.149041,187.863593,0.000000
P,e-puck(8),0.386014,0.148863,187.863573,0.000000
P,e-puck(8),0.384732,0.148686,187.863545,0.000000
P,e-puck(8),0.383460,0.148510,187.863517,0.000000
P,e-puck(8),0.382200,0.148336,187.863492,0.000000
P,e-puck(8),0.380949,0.148163,187.863471,0.000000
P,e-puck(8),0.379705,0.147991,187.863453,0.000000
P,e-puck(8),0.378467,0.147820,187.863437,0.000000
P,e-puck(8),0.377233,0.147650,187.863421,0.000000
P,e-puck(8),0.376002,0.147480,187.863402,0.000000
P,e-puck(8),0.374770,0.147310,187.863379,0.000000
P,e-puck(8),0.373536,0.147139,187.863354,0.000000
P,e-puck(8),0.372298,0.146968,187.863327,0.000000
P,e-puck(8),0.371053,0.146796,187.863303,0.000000
P,e-puck(8),0.369780,0.146620,187.863292,0.000000
P,e-puck(8),0.368500,0.146444,187.863285,0.000000
P,e-puck(8),0.367213,0.146266,187.863282,0.000000
P,e-puck(8),0.365921,0.146087,187.863282,0.000000
P,e-puck(8),0.364624,0.145908,187.863282,0.000000
P,e-puck(8),0.363324,0.145729,187.863281,0.000000
P,e-puck(8),0.362024,0.145549,187.863279,0.000000
P,e-puck(8),0.360724,0.145370,187.863275,0.000000
P,e-puck(8),0.359427,0.145190,187.863271,0.000000
P,e-puck(8),0.358135,0.145012,187.863267,0.000000
P,e-puck(8),0.356849,0.144834,187.863265,0.000000
P,e-puck(8),0.355570,0.144658,187.863268,0.000000
P,e-puck(8),0.354299,0.144482,187.863275,0.000000
P,e-puck(8),0.353037,0.144308,187.863289,0.000000
P,e-puck(8),0.351783,0.144135,187.863306,0.000000
P,e-puck(8),0.350535,0.143962,187.863327,0.000000
P,e-puck(8),0.349293,0.143791,187.863349,0.000000
P,e-puck(8),0.348055,0.143620,187.863371,0.000000
P,e-puck(8),0.346819,0.143449,187.863392,0.000000
P,e-puck(8),0.345584,0.143278,187.863410,0.000000
P,e-puck(8),0.344347,0.143108,187.863426,0.000000
P,e-puck(8),0.343108,0.142936,187.863442,0.000000
P,e-puck(8),0.341863,0.142764,187.863457,0.000000
P,e-puck(8),0.340612,0.142592,187.863475,0.000000
P,e-puck(8),0.339350,0.142417,187.863499,0.000000
P,e-puck(8),0.338075,0.142241,187.863528,0.000000
P,e-puck(8),0.336793,0.142064,187.863561,0.000000
P,e-puck(8),0.335506,0.141886,187.863596,0.000000
P,e-puck(8),0.334213,0.141708,187.863631,0.000000
P,e-puck(8),0.332918,0.141529,187.863665,0.000000
P,e-puck(8),0.331621,0.141350,187.863698,0.000000
P,e-puck(8),0.330325,0.141171,187.863732,0.000000
P,e-puck(8),0.329030,0.140992,187.863767,0.000000
P,e-puck(8),0.327739,0.140814,187.863804,0.000000
P,e-puck(8),0.326453,0.140636,187.863843,0.000000
P,e-puck(8),0.325173,0.140459,187.863883,0.000000
P,e-puck(8),0.323899,0.140283,187.863926,0.000000
P,e-puck(8),0.322633,0.140108,187.863970,0.000000
P,e-puck(8),0.321373,0.139934,187.864017,0.000000
P,e-puck(8),0.320120,0.139761,187.864063,0.000000
P,e-puck(8),0.318873,0.139589,187.864108,0.000000
P,e-puck(8),0.317629,0.139417,187.864150,0.000000
P,e-puck(8),0.316389,0.139246,187.864188,0.000000
P,e-puck(8),0.315149,0.139075,187.864219,0.000000
P,e-puck(8),0.313909,0.138904,187.864244,0.000000
P,e-puck(8),0.312667,0.138732,187.864263,0.000000
P,e-puck(8),0.311420,0.138560,187.864277,0.000000
P,e-puck(8),0.310169,0.138387,187.864288,0.000000
P,e-puck(8),0.308911,0.138213,187.864299,0.000000
P,e-puck(8),0.307647,0.138039,187.864312,0.000000
P,e-puck(8),0.306375,0.137863,187.864325,0.000000
P,e-puck(8),0.305096,0.137686,187.864339,0.000000
P,e-puck(8),0.303811,0.137509,187.864354,0.000000
P,e-puck(8),0.302520,0.137331,187.864367,0.000000
P,e-puck(8),0.301225,0.137152,187.864377,0.000000
P,e-puck(8),0.299927,0.136972,187.864382,0.000000
P,e-puck(8),0.298628,0.136793,187.864383,0.000000
P,e-puck(8),0.297330,0.136614,187.864379,0.000000
P,e-puck(8),0.296035,0.136435,187.864371,0.000000
P,e-puck(8),0.294744,0.136257,187.864359,0.000000
P,e-puck(8),0.293458,0.136079,187.864347,0.000000
P,e-puck(8),0.292179,0.135902,187.864334,0.000000
P,e-puck(8),0.290907,0.135727,187.864322,0.000000
P,e-puck(8),0.289643,0.135552,187.864311,0.000000
P,e-puck(8),0.288385,0.135378,187.864302,0.000000
P,e-puck(8),0.287135,0.135206,187.864292,0.000000
P,e-puck(8),0.285890,0.135034,187.864282,0.000000
P,e-puck(8),0.284650,0.134862,187.864269,0.000000
P,e-puck(8),0.283412,0.134692,187.864253,0.000000
P,e-puck(8),0.282176,0.134521,187.864232,0.000000
P,e-puck(8),0.280938,0.134350,187.864206,0.000000
P,e-puck(8),0.279699,0.134179,187.864177,0.000000
P,e-puck(8),0.278455,0.134007,187.864146,0.000000
P,e-puck(8),0.277206,0.133834,187.864113,0.000000
P,e-puck(8),0.275950,0.133661,187.864082,0.000000
P,e-puck(8),0.274680,0.133485,187.864056,0.000000
P,e-puck(8),0.273402,0.133309,187.864030,0.000000
P,e-puck(8),0.272119,0.133132,187.864001,0.000000
P,e-puck(8),0.270830,0.132954,187.863970,0.000000
P,e-puck(8),0.269537,0.132775,187.863936,0.000000
P,e-puck(8),0.268241,0.132596,187.863897,0.000000
P,e-puck(8),0.266945,0.132417,187.863853,0.000000
P,e-puck(8),0.265649,0.132238,187.863806,0.000000
P,e-puck(8),0.264356,0.132060,187.863757,0.000000
P,e-puck(8),0.263067,0.131882,187.863706,0.000000
P,e-puck(8),0.261783,0.131704,187.863656,0.000000
P,e-puck(8),0.260506,0.131528,187.863609,0.000000
P,e-puck(8),0.259235,0.131352,187.863566,0.000000
P,e-puck(8),0.257971,0.131178,187.863528,0.000000
P,e-puck(8),0.256714,0.131004,187.863495,0.000000
P,e-puck(8),0.255462,0.130831,187.863468,0.000000
P,e-puck(8),0.254216,0.130659,187.863446,0.000000
P,e-puck(8),0.252973,0.130487,187.863425,0.000000
P,e-puck(8),0.251733,0.130316,187.863404,0.000000
P,e-puck(8),0.250493,0.130145,187.863382,0.000000
P,e-puck(8),0.249251,0.129973,187.863360,0.000000
P,e-puck(8),0.248007,0.129801,187.863337,0.000000
P,e-puck(8),0.246758,0.129629,187.863316,0.000000
P,e-puck(8),0.245504,0.129456,187.863297,0.000000
P,e-puck(8),0.244243,0.129282,187.863282,0.000000
P,e-puck(8),0.242975,0.129106,187.863272,0.000000
P,e-puck(8),0.241701,0.128930,187.863266,0.000000
P,e-puck(8),0.240419,0.128753,187.863265,0.000000
P,e-puck(8),0.239132,0.128576,187.863266,0.000000
P,e-puck(8),0.237840,0.128397,187.863269,0.000000
P,e-puck(8),0.236544,0.128218,187.863273,0.000000
P,e-puck(8),0.235246,0.128039,187.863276,0.000000
P,e-puck(8),0.233948,0.127860,187.863278,0.000000
P,e-puck(8),0.232652,0.127680,187.863279,0.000000
P,e-puck(8),0.231359,0.127502,187.863280,0.000000
P,e-puck(8),0.230071,0.127324,187.863282,0.000000
P,e-puck(8),0.228788,0.127147,187.863287,0.000000
P,e-puck(8),0.227513,0.126971,187.863296,0.000000
P,e-puck(8),0.226244,0.126795,187.863310,0.000000
P,e-puck(8),0.224983,0.126621,187.863328,0.000000
P,e-puck(8),0.223729,0.126448,187.863349,0.000000
P,e-puck(8),0.222481,0.126276,187.863374,0.000000
P,e-puck(8),0.221238,0.126104,187.863399,0.000000
P,e-puck(8),0.219999,0.125933,187.863424,0.000000
P,e-puck(8),0.218762,0.125762,187.863447,0.000000
P,e-puck(8),0.217525,0.125591,187.863468,0.000000
P,e-puck(8),0.216287,0.125420,187.863488,0.000000
P,e-puck(8),0.215045,0.125249,187.863506,0.000000
P,e-puck(8),0.213799,0.125076,187.863525,0.000000
P,e-puck(8),0.212547,0.124903,187.863546,0.000000
P,e-puck(8),0.211284,0.124729,187.863571,0.000000
P,e-puck(8),0.210010,0.124553,187.863602,0.000000
P,e-puck(8),0.208729,0.124376,187.863636,0.000000
P,e-puck(8),0.207443,0.124199,187.863672,0.000000
P,e-puck(8),0.206152,0.124020,187.863712,0.000000
P,e-puck(8),0.204858,0.123842,187.863754,0.000000
P,e-puck(8),0.203562,0.123663,187.863798,0.000000
P,e-puck(8),0.202267,0.123484,187.863842,0.000000
P,e-puck(8),0.200972,0.123305,187.863885,0.000000
P,e-puck(8),0.199681,0.123127,187.863927,0.000000
P,e-puck(8),0.198395,0.122949,187.863968,0.000000
P,e-puck(8),0.197114,0.122772,187.864009,0.000000
P,e-puck(8),0.195839,0.122596,187.864051,0.000000
P,e-puck(8),0.194571,0.122421,187.864092,0.000000
P,e-puck(8),0.193310,0.122247,187.864134,0.000000
P,e-puck(8),0.192055,0.122073,187.864175,0.000000
P,e-puck(8),0.190806,0.121901,187.864212,0.000000
P,e-puck(8),0.189560,0.121729,187.864245,0.000000
P,e-puck(8),0.188318,0.121557,187.864272,0.000000
P,e-puck(8),0.187077,0.121386,187.864292,0.000000
P,e-puck(8),0.185836,0.121214,187.864307,0.000000
P,e-puck(8),0.184592,0.121043,187.864318,0.000000
P,e-puck(8),0.183346,0.120870,187.864327,0.000000
P,e-puck(8),0.182094,0.120698,187.864333,0.000000
P,e-puck(8),0.180837,0.120524,187.864340,0.000000
P,e-puck(8),0.179573,0.120349,187.864346,0.000000
P,e-puck(8),0.178302,0.120174,187.864354,0.000000
P,e-puck(8),0.177024,0.119997,187.864363,0.000000
P,e-puck(8),0.175741,0.119820,187.864371,0.000000
P,e-puck(8),0.174452,0.119642,187.864378,0.000000
P,e-puck(8),0.173158,0.119463,187.864382,0.000000
P,e-puck(8),0.171863,0.119284,187.864382,0.000000
P,e-puck(8),0.170566,0.119105,187.864378,0.000000
P,e-puck(8),0.169269,0.118926,187.864369,0.000000
P,e-puck(8),0.167975,0.118748,187.864356,0.000000
P,e-puck(8),0.166685,0.118569,187.864340,0.000000
P,e-puck(8),0.165400,0.118392,187.864323,0.000000
P,e-puck(8),0.164122,0.118215,187.864306,0.000000
P,e-puck(8),0.162907,0.117656,187.864222,0.000000
P,e-puck(8),0.161820,0.117084,187.864142,0.000000
P,e-puck(8),0.160487,0.116592,187.864168,0.000000
P,e-puck(8),0.158907,0.116087,187.864025,0.000000
P,e-puck(8),0.157682,0.115636,187.864036,0.000000
P,e-puck(8),0.156444,0.115195,187.864040,0.000000
P,e-puck(8),0.155195,0.114766,187.864031,0.000000
P,e-puck(8),0.153938,0.114347,187.864014,0.000000
P,e-puck(8),0.152678,0.113939,187.863991,0.000000
P,e-puck(8),0.151414,0.113541,187.863959,0.000000
P,e-puck(8),0.150149,0.113155,187.863920,0.000000
P,e-puck(8),0.148882,0.112780,187.863873,0.000000
P,e-puck(8),0.147615,0.112415,187.863819,0.000000
P,e-puck(8),0.146348,0.112061,187.863759,0.000000
P,e-puck(8),0.145080,0.111718,187.863695,0.000000
P,e-puck(8),0.143812,0.111387,187.863634,0.000000
P,e-puck(8),0.142543,0.111066,187.863578,0.000000
P,e-puck(8),0.141275,0.110757,187.863524,0.000000
P,e-puck(8),0.140007,0.110458,187.863475,0.000000
P,e-puck(8),0.138738,0.110172,187.863429,0.000000
P,e-puck(8),0.137470,0.109896,187.863386,0.000000
P,e-puck(8),0.136201,0.109632,187.863347,0.000000
P,e-puck(8),0.134933,0.109380,187.863311,0.000000
P,e-puck(8),0.133664,0.109140,187.863279,0.000000
P,e-puck(8),0.132396,0.108912,187.863251,0.000000
P,e-puck(8),0.131128,0.108696,187.863225,0.000000
P,e-puck(8),0.129859,0.108492,187.863203,0.000000
P,e-puck(8),0.128591,0.108301,187.863184,0.000000
P,e-puck(8),0.127322,0.108122,187.863168,0.000000
P,e-puck(8),0.126054,0.107947,187.863155,0.000000
P,e-puck(8),0.124785,0.107772,187.863145,0.000000
P,e-puck(8),0.123517,0.107596,187.863138,0.000000
P,e-puck(8),0.122248,0.107421,187.863134,0.000000
P,e-puck(8),0.120980,0.107246,187.863133,0.000000
P,e-puck(8),0.119711,0.107070,187.863135,0.000000
P,e-puck(8),0.118443,0.106895,187.863139,0.000000
P,e-puck(8),0.117174,0.106720,187.863146,0.000000
P,e-puck(8),0.115905,0.106545,187.863156,0.000000
P,e-puck(8),0.114637,0.106369,187.863168,0.000000
P,e-puck(8),0.113368,0.106194,187.863183,0.000000
P,e-puck(8),0.112100,0.106019,187.863199,0.000000
P,e-puck(8),0.110831,0.105843,187.863215,0.000000
P,e-puck(8),0.109562,0.105668,187.863229,0.000000
P,e-puck(8),0.108294,0.105493,187.863241,0.000000
P,e-puck(8),0.107025,0.105317,187.863250,0.000000
P,e-puck(8),0.105760,0.105143,187.863267,0.000000
P,e-puck(8),0.104500,0.104971,187.863288,0.000000
P,e-puck(8),0.103248,0.104799,187.863311,0.000000
P,e-puck(8),0.102004,0.104627,187.863336,0.000000
P,e-puck(8),0.100765,0.104457,187.863361,0.000000
P,e-puck(8),0.099531,0.104286,187.863384,0.000000
P,e-puck(8),0.098299,0.104116,187.863405,0.000000
P,e-puck(8),0.097068,0.103946,187.863422,0.000000
P,e-puck(8),0.095834,0.103776,187.863437,0.000000
P,e-puck(8),0.094597,0.103605,187.863450,0.000000
P,e-puck(8),0.093354,0.103434,187.863463,0.000000
P,e-puck(8),0.092095,0.103260,187.863485,0.000000
P,e-puck(8),0.090819,0.103084,187.863513,0.000000
P,e-puck(8),0.089537,0.102906,187.863546,0.000000
P,e-puck(8),0.088248,0.102728,187.863580,0.000000
P,e-puck(8),0.086955,0.102550,187.863614,0.000000
P,e-puck(8),0.085659,0.102371,187.863648,0.000000
P,e-puck(8),0.084361,0.102192,187.863679,0.000000
P,e-puck(8),0.083064,0.102012,187.863708,0.000000
P,e-puck(8),0.081769,0.101833,187.863738,0.000000
P,e-puck(8),0.080477,0.101655,187.863769,0.000000
P,e-puck(8),0.079191,0.101478,187.863804,0.000000
P,e-puck(8),0.077912,0.101301,187.863842,0.000000
P,e-puck(8),0.076639,0.101125,187.863884,0.000000
P,e-puck(8),0.075374,0.100950,187.863928,0.000000
P,e-puck(8),0.074115,0.100776,187.863975,0.000000
P,e-puck(8),0.072863,0.100604,187.864023,0.000000
P,e-puck(8),0.071617,0.100431,187.864070,0.000000
P,e-puck(8),0.070375,0.100260,187.864114,0.000000
P,e-puck(8),0.070343,0.100189,187.790794,0.000000
P,e-puck(8),0.069334,0.099985,187.939014,0.000000
P,e-puck(8),0.068140,0.099800,187.938875,0.000000
P,e-puck(8),0.066853,0.099617,187.939096,0.000000
P,e-puck(8),0.065572,0.099437,187.939159,0.000000
P,e-puck(8),0.064301,0.099259,187.939194,0.000000
P,e-puck(8),0.063288,0.099031,187.759497,0.000000
P,e-puck(8),0.062473,0.098886,187.734366,0.000000
P,e-puck(8),0.062020,0.098640,187.476781,0.000000
P,e-puck(8),0.061756,0.098503,187.345594,0.000000
P,e-puck(8),0.061092,0.098391,187.400532,0.000000
P,e-puck(8),0.060012,0.098196,187.278351,0.000000
P,e-puck(8),0.058858,0.097971,187.033406,0.000000
P,e-puck(8),0.057653,0.097809,187.032256,0.000000
P,e-puck(8),0.056419,0.097649,187.032267,0.000000
P,e-puck(8),0.055166,0.097490,187.032629,0.000000
P,e-puck(8),0.053890,0.097332,187.032710,0.000000
P,e-puck(8),0.052611,0.097174,187.032814,0.000000
P,e-puck(8),0.051334,0.097017,187.032906,0.000000
P,e-puck(8),0.050058,0.096859,187.032968,0.000000
P,e-puck(8),0.048783,0.096702,187.033014,0.000000
P,e-puck(8),0.047436,0.096485,186.986319,0.000000
P,e-puck(8),0.046514,0.096209,186.698113,0.000000
P,e-puck(8),0.046238,0.096148,185.733914,0.000000
P,e-puck(8),0.044723,0.095808,185.545354,0.000000
P,e-puck(8),0.044924,0.095073,184.824417,0.000000
P,e-puck(8),0.044142,0.094458,183.842254,0.000000
P,e-puck(8),0.043014,0.093656,183.843250,0.000000
P,e-puck(8),0.043204,0.093858,182.852720,0.000000
P,e-puck(8),0.042304,0.092923,182.323132,0.000000
P,e-puck(8),0.041092,0.092845,182.198849,0.000000
P,e-puck(8),0.041177,0.092797,182.500172,0.000000
P,e-puck(8),0.040282,0.092859,182.689507,0.000000
P,e-puck(8),0.039637,0.092754,182.491192,0.000000
P,e-puck(8),0.038562,0.092673,182.539648,0.000000
P,e-puck(8),0.038101,0.092385,182.606279,0.000000
P,e-puck(8),0.037792,0.092026,182.279361,0.000000
P,e-puck(8),0.036993,0.092667,182.136625,0.000000
P,e-puck(8),0.036640,0.091745,182.027310,0.000000
P,e-puck(8),0.036558,0.092114,181.679336,0.000000
P,e-puck(8),0.035613,0.091705,181.622439,0.000000
P,e-puck(8),0.035061,0.091623,181.890095,0.000000
P,e-puck(8),0.034285,0.091560,181.866274,0.000000
P,e-puck(8),0.033816,0.091424,181.920440,0.000000
P,e-puck(8),0.032553,0.090849,182.147466,0.000000
P,e-puck(8),0.032474,0.091367,182.055647,0.000000
P,e-puck(8),0.031761,0.090836,183.651434,0.000000
P,e-puck(8),0.030631,0.090802,183.915311,0.000000
P,e-puck(8),0.029446,0.090715,183.859042,0.000000
P,e-puck(8),0.028176,0.090632,183.846582,0.000000
P,e-puck(8),0.026815,0.090543,183.845706,0.000000
P,e-puck(8),0.025689,0.090469,183.845052,0.000000
P,e-puck(8),0.024389,0.090344,183.844598,0.000000
P,e-puck(8),0.023100,0.090259,183.844184,0.000000
P,e-puck(8),0.021945,0.090138,183.843906,0.000000
P,e-puck(8),0.020867,0.089984,183.839836,0.000000
P,e-puck(8),0.019651,0.089887,183.840586,0.000000
P,e-puck(8),0.018508,0.089781,183.691771,0.000000
P,e-puck(8),0.017082,0.089687,183.691529,0.000000
P,e-puck(8),0.015867,0.089521,183.713539,0.000000
P,e-puck(8),0.014799,0.089439,183.627818,0.000000
P,e-puck(8),0.013924,0.089385,183.629095,0.000000
P,e-puck(8),0.013037,0.089230,183.563818,0.000000
P,e-puck(8),0.012470,0.089159,183.496623,0.000000
P,e-puck(8),0.011476,0.089034,183.387456,0.000000
P,e-puck(8),0.010749,0.088920,183.054200,0.000000
P,e-puck(8),0.009680,0.088836,183.026152,0.000000
P,e-puck(8),0.008633,0.088854,183.583544,0.000000
P,e-puck(8),0.007743,0.088752,183.487490,0.000000
P,e-puck(8),0.007441,0.088685,183.344643,0.000000
P,e-puck(8),0.005892,0.088537,183.026779,0.000000
P,e-puck(8),0.006351,0.088481,182.750931,0.000000
P,e-puck(8),0.005615,0.088551,182.663763,0.000000
P,e-puck(8),0.004894,0.088337,182.858210,0.000000
P,e-puck(8),0.003832,0.088257,182.803653,0.000000
P,e-puck(8),0.002913,0.088126,182.357024,0.000000
P,e-puck(8),0.002359,0.088091,182.349650,0.000000
P,e-puck(8),0.001541,0.088021,182.259762,0.000000
P,e-puck(8),0.000602,0.087949,182.159588,0.000000
P,e-puck(8),-0.000268,0.087848,181.920986,0.000000
P,e-puck(8),-0.001080,0.087826,181.920985,0.000000
P,e-puck(8),-0.001113,0.087614,180.701032,0.000000
P,e-puck(8),-0.001228,0.087528,180.246859,0.000000
P,e-puck(8),-0.001730,0.087321,179.070299,0.000000
P,e-puck(8),-0.001917,0.087147,177.988148,0.000000
P,e-puck(8),-0.003211,0.087178,176.905310,0.000000
P,e-puck(8),-0.002979,0.087106,176.455907,0.000000
P,e-puck(8),-0.003191,0.087127,176.207888,0.000000
P,e-puck(8),-0.003594,0.087039,175.269751,0.000000
P,e-puck(8),-0.003787,0.086922,174.016354,0.000000
P,e-puck(8),-0.004022,0.086900,172.805678,0.000000
P,e-puck(8),-0.003100,0.086590,170.947984,0.000000
P,e-puck(8),-0.003349,0.086463,168.911909,0.000000
P,e-puck(8),-0.002908,0.086058,166.534386,0.000000
P,e-puck(8),-0.001972,0.085860,164.985319,0.000000
P,e-puck(8),-0.000939,0.085647,163.421735,0.000000
P,e-puck(8),-0.001164,0.085819,161.542872,0.000000
P,e-puck(8),-0.000966,0.085318,158.837354,0.000000
P,e-puck(8),0.000293,0.084166,156.140038,0.000000
P,e-puck(8),0.000630,0.083912,153.555781,0.000000
P,e-puck(8),0.000820,0.083455,150.856110,0.000000
P,e-puck(8),-0.000113,0.083782,148.382233,0.000000
P,e-puck(8),0.000204,0.083183,145.681766,0.000000
P,e-puck(8),0.000025,0.082989,142.858338,0.000000
P,e-puck(8),-0.000027,0.082581,140.037660,0.000000
P,e-puck(8),-0.000393,0.082275,137.376411,0.000000
P,e-puck(8),-0.000898,0.082098,134.801155,0.000000
P,e-puck(8),-0.001384,0.082000,132.054656,0.000000
P,e-puck(8),-0.001851,0.081621,129.322126,0.000000
P,e-puck(8),-0.002001,0.080993,126.626065,0.000000
P,e-puck(8),-0.003021,0.081539,123.932493,0.000000
P,e-puck(8),-0.002663,0.080967,122.135071,0.000000
P,e-puck(8),-0.004945,0.079888,121.477232,0.000000
P,e-puck(8),-0.004575,0.080327,119.563721,0.000000
P,e-puck(8),-0.004869,0.080197,116.997163,0.000000
P,e-puck(8),-0.005255,0.080105,114.426717,0.000000
P,e-puck(8),-0.005699,0.080038,111.854265,0.000000
P,e-puck(8),-0.006158,0.079951,109.280851,0.000000
P,e-puck(8),-0.006518,0.079532,107.485281,0.000000
P,e-puck(8),-0.006803,0.078845,106.290303,0.000000
P,e-puck(8),-0.007248,0.077973,105.494739,0.000000
P,e-puck(8),-0.007902,0.076980,104.964873,0.000000
P,e-puck(8),-0.008492,0.075747,104.967226,0.000000
P,e-puck(8),-0.009082,0.074512,104.969096,0.000000
P,e-puck(8),-0.009672,0.073277,104.970517,0.000000
P,e-puck(8),-0.010262,0.072041,104.971569,0.000000
P,e-puck(8),-0.010852,0.070806,104.972335,0.000000
P,e-puck(8),-0.011442,0.069570,104.972885,0.000000
P,e-puck(8),-0.012026,0.068339,104.973250,0.000000
P,e-puck(8),-0.011804,0.067103,104.973527,0.000000
P,e-puck(8),-0.011823,0.065866,104.973728,0.000000
P,e-puck(8),-0.011494,0.064629,104.973765,0.000000
P,e-puck(8),-0.011186,0.063518,104.973603,0.000000
P,e-puck(8),-0.011473,0.062567,104.601110,0.000000
P,e-puck(8),-0.011434,0.061914,103.240482,0.000000
P,e-puck(8),-0.011535,0.061161,101.386608,0.000000
P,e-puck(8),-0.012854,0.060728,99.242866,0.000000
P,e-puck(8),-0.012327,0.060702,97.137435,0.000000
P,e-puck(8),-0.012536,0.060604,94.464834,0.000000
P,e-puck(8),-0.012525,0.060493,91.890405,0.000000
P,e-puck(8),-0.013335,0.060335,90.415966,0.000000
P,e-puck(8),-0.013225,0.059724,89.273339,0.000000
P,e-puck(8),-0.013546,0.059817,86.698800,0.000000
P,e-puck(8),-0.014627,0.059890,83.821587,0.000000
P,e-puck(8),-0.013882,0.059367,82.512900,0.000000
P,e-puck(8),-0.013753,0.059136,80.404752,0.000000
P,e-puck(8),-0.013862,0.059150,79.213648,0.000000
P,e-puck(8),-0.014114,0.059165,76.638982,0.000000
P,e-puck(8),-0.015428,0.059420,73.893513,0.000000
P,e-puck(8),-0.014939,0.059550,72.275567,0.000000
P,e-puck(8),-0.015252,0.059477,69.452969,0.000000
P,e-puck(8),-0.015331,0.059799,66.763738,0.000000
P,e-puck(8),-0.015508,0.059861,64.190292,0.000000
P,e-puck(8),-0.015987,0.060394,62.469937,0.000000
P,e-puck(8),-0.015370,0.059965,62.444025,0.000000
P,e-puck(8),-0.015855,0.060043,59.866851,0.000000
P,e-puck(8),-0.015637,0.061181,58.135794,0.000000
P,e-puck(8),-0.016709,0.061950,55.947737,0.000000
P,e-puck(8),-0.015728,0.062081,54.854485,0.000000
P,e-puck(8),-0.016228,0.062928,52.845961,0.000000
P,e-puck(8),-0.016210,0.062908,50.723092,0.000000
P,e-puck(8),-0.016377,0.063156,48.109774,0.000000
P,e-puck(8),-0.016589,0.063377,45.531646,0.000000
P,e-puck(8),-0.016520,0.063589,43.302837,0.000000
P,e-puck(8),-0.017105,0.063382,41.636997,0.000000
P,e-puck(8),-0.016874,0.063740,39.289450,0.000000
P,e-puck(8),-0.016757,0.064143,37.677649,0.000000
P,e-puck(8),-0.016358,0.064789,35.315924,0.000000
P,e-puck(8),-0.016986,0.064311,33.823641,0.000000
P,e-puck(8),-0.016573,0.065095,31.254396,0.000000
P,e-puck(8),-0.017013,0.064961,29.773995,0.000000
P,e-puck(8),-0.017368,0.065346,27.203853,0.000000
P,e-puck(8),-0.017790,0.065535,24.747256,0.000000
P,e-puck(8),-0.017794,0.065906,22.649474,0.000000
P,e-puck(8),-0.018001,0.066400,19.972472,0.000000
P,e-puck(8),-0.017923,0.066843,17.400241,0.000000
P,e-puck(8),-0.018420,0.067452,17.298076,0.000000
P,e-puck(8),-0.018155,0.067776,15.452060,0.000000
P,e-puck(8),-0.018176,0.067904,12.872050,0.000000
P,e-puck(8),-0.018651,0.068411,11.733115,0.000000
P,e-puck(8),-0.017865,0.068283,10.471699,0.000000
P,e-puck(8),-0.017821,0.068659,8.951665,0.000000
P,e-puck(8),-0.017579,0.069104,6.211548,0.000000
P,e-puck(8),-0.017820,0.069475,3.762578,0.000000
P,e-puck(8),-0.017452,0.069886,1.281791,0.000000
P,e-puck(8),-0.017850,0.070225,359.279132,0.000000
P,e-puck(8),-0.017762,0.070547,357.394584,0.000000
P,e-puck(8),-0.017638,0.070810,355.649962,0.000000
P,e-puck(8),-0.017274,0.071194,353.197939,0.000000
P,e-puck(8),-0.016774,0.071495,351.050171,0.000000
P,e-puck(8),-0.016821,0.071875,348.873611,0.000000
P,e-puck(8),-0.017378,0.072420,346.350951,0.000000
P,e-puck(8),-0.016310,0.072018,345.715232,0.000000
P,e-puck(8),-0.016719,0.072046,345.473678,0.000000
P,e-puck(8),-0.016644,0.072421,343.013314,0.000000
P,e-puck(8),-0.016339,0.072806,340.432889,0.000000
P,e-puck(8),-0.016469,0.073273,337.729113,0.000000
P,e-puck(8),-0.016167,0.073598,335.026803,0.000000
P,e-puck(8),-0.014879,0.075012,331.210122,0.000000
P,e-puck(8),-0.015152,0.074528,330.395204,0.000000
P,e-puck(8),-0.014630,0.073433,326.814759,0.000000
P,e-puck(8),-0.014313,0.074782,324.203246,0.000000
P,e-puck(8),-0.014023,0.075194,322.568521,0.000000
P,e-puck(8),-0.013646,0.075425,319.872426,0.000000
P,e-puck(8),-0.013311,0.075791,317.225541,0.000000
P,e-puck(8),-0.013104,0.076207,314.530334,0.000000
P,e-puck(8),-0.012753,0.076548,311.834997,0.000000
P,e-puck(8),-0.012147,0.076559,309.213225,0.000000
P,e-puck(8),-0.011778,0.076806,306.515922,0.000000
P,e-puck(8),-0.011474,0.077208,303.818248,0.000000
P,e-puck(8),-0.011209,0.077401,300.996820,0.000000
P,e-puck(8),-0.010738,0.077400,298.175862,0.000000
P,e-puck(8),-0.010599,0.078133,296.825262,0.000000
P,e-puck(8),-0.010113,0.077798,295.519364,0.000000
P,e-puck(8),-0.009594,0.077140,294.331542,0.000000
P,e-puck(8),-0.009261,0.076395,293.541132,0.000000
P,e-puck(8),-0.008755,0.075441,293.042990,0.000000
P,e-puck(8),-0.008730,0.074243,293.044887,0.000000
P,e-puck(8),-0.008969,0.073012,293.046270,0.000000
P,e-puck(8),-0.008654,0.071881,294.130324,0.000000
P,e-puck(8),-0.008577,0.071197,293.859554,0.000000
P,e-puck(8),-0.008678,0.070274,294.171000,0.000000
P,e-puck(8),-0.008000,0.070190,294.491461,0.000000
P,e-puck(8),-0.007908,0.069233,293.777434,0.000000
P,e-puck(8),-0.007579,0.068335,293.230062,0.000000
P,e-puck(8),-0.006116,0.067677,292.789426,0.000000
P,e-puck(8),-0.006996,0.066931,292.161484,0.000000
P,e-puck(8),-0.005752,0.065959,292.280730,0.000000
P,e-puck(8),-0.006688,0.064976,292.036205,0.000000
P,e-puck(8),-0.006187,0.063862,291.908493,0.000000
P,e-puck(8),-0.006654,0.063069,291.533907,0.000000
P,e-puck(8),-0.006125,0.062524,291.284697,0.000000
P,e-puck(8),-0.005838,0.061429,290.924654,0.000000
P,e-puck(8),-0.005575,0.060437,290.457390,0.000000
P,e-puck(8),-0.003939,0.059375,290.708936,0.000000
P,e-puck(8),-0.004652,0.058487,290.211055,0.000000
P,e-puck(8),-0.004649,0.057418,290.212823,0.000000
P,e-puck(8),-0.004679,0.056187,290.213044,0.000000
P,e-puck(8),-0.004032,0.055732,290.212776,0.000000
P,e-puck(8),-0.004729,0.054591,290.212947,0.000000
P,e-puck(8),-0.004303,0.054090,289.705478,0.000000
P,e-puck(8),-0.003908,0.052877,289.709717,0.000000
P,e-puck(8),-0.003642,0.051678,289.712750,0.000000
P,e-puck(8),-0.003296,0.050457,289.714737,0.000000
P,e-puck(8),-0.002781,0.049309,289.715986,0.000000
P,e-puck(8),-0.003334,0.048067,288.413609,0.000000
P,e-puck(8),-0.002935,0.047391,287.709836,0.000000
P,e-puck(8),-0.002316,0.046940,286.204600,0.000000
P,e-puck(8),-0.001730,0.046552,284.403762,0.000000
P,e-puck(8),-0.001191,0.046298,282.325574,0.000000
P,e-puck(8),-0.000623,0.046260,280.721859,0.000000
P,e-puck(8),-0.000566,0.045716,279.875556,0.000000
P,e-puck(8),-0.000337,0.044068,278.000167,0.000000
P,e-puck(8),0.000374,0.044544,276.298684,0.000000
P,e-puck(8),0.000033,0.043379,274.314883,0.000000
P,e-puck(8),0.000951,0.043854,271.803550,0.000000
P,e-puck(8),0.001429,0.043271,269.311775,0.000000
P,e-puck(8),0.004126,0.044297,267.139705,0.000000
P,e-puck(8),0.003530,0.043201,265.438761,0.000000
P,e-puck(8),0.003566,0.042394,264.402482,0.000000
P,e-puck(8),0.004120,0.041999,262.010871,0.000000
P,e-puck(8),0.004499,0.042133,259.466994,0.000000
P,e-puck(8),0.005077,0.041516,258.165201,0.000000
P,e-puck(8),0.005159,0.042373,256.094748,0.000000
P,e-puck(8),0.005684,0.040925,254.899071,0.000000
P,e-puck(8),0.006306,0.039982,252.629176,0.000000
P,e-puck(8),0.006110,0.039209,251.438756,0.000000
P,e-puck(8),0.006828,0.038941,249.387171,0.000000
P,e-puck(8),0.007314,0.038340,247.664880,0.000000
P,e-puck(8),0.007631,0.037275,247.250376,0.000000
P,e-puck(8),0.007900,0.036114,246.392509,0.000000
P,e-puck(8),0.006515,0.036569,247.180958,0.000000
P,e-puck(8),0.007764,0.035534,246.776045,0.000000
P,e-puck(8),0.007342,0.035820,245.825007,0.000000
P,e-puck(8),0.008272,0.034989,244.150729,0.000000
P,e-puck(8),0.009028,0.034481,241.677318,0.000000
P,e-puck(8),0.008827,0.034006,242.797718,0.000000
P,e-puck(8),0.007647,0.033706,240.977568,0.000000
P,e-puck(8),0.008943,0.032326,239.925283,0.000000
P,e-puck(8),0.009219,0.031776,238.136036,0.000000
P,e-puck(8),0.009477,0.031604,236.945819,0.000000
P,e-puck(8),0.009744,0.030468,236.554037,0.000000
P,e-puck(8),0.009204,0.030368,236.983015,0.000000
P,e-puck(8),0.009735,0.029857,236.848317,0.000000
P,e-puck(8),0.010003,0.029510,236.573744,0.000000
P,e-puck(8),0.010014,0.028780,236.613835,0.000000
P,e-puck(8),0.009825,0.029969,238.100937,0.000000
P,e-puck(8),0.010017,0.028582,237.554651,0.000000
P,e-puck(8),0.010173,0.028075,236.303903,0.000000
P,e-puck(8),0.010497,0.027426,233.728496,0.000000
P,e-puck(8),0.010892,0.025989,231.268580,0.000000
P,e-puck(8),0.011080,0.025021,229.467796,0.000000
P,e-puck(8),0.011479,0.024211,228.269091,0.000000
P,e-puck(8),0.010966,0.023028,228.268311,0.000000
P,e-puck(8),0.011345,0.023412,228.272174,0.000000
P,e-puck(8),0.011331,0.022294,227.414025,0.000000
P,e-puck(8),0.011582,0.022073,225.915942,0.000000
P,e-puck(8),0.012032,0.021678,223.285582,0.000000
P,e-puck(8),0.011981,0.020971,221.484928,0.000000
P,e-puck(8),0.012412,0.020620,220.285751,0.000000
P,e-puck(8),0.012442,0.020385,220.222245,0.000000
P,e-puck(8),0.012444,0.019885,220.223118,0.000000
P,e-puck(8),0.012472,0.019639,220.166531,0.000000
P,e-puck(8),0.012461,0.019441,220.166962,0.000000
P,e-puck(8),0.012495,0.019028,220.151219,0.000000
P,e-puck(8),0.012494,0.018900,220.142801,0.000000
P,e-puck(8),0.012507,0.018658,220.182222,0.000000
P,e-puck(8),0.012691,0.018656,220.182364,0.000000
P,e-puck(8),0.012788,0.018633,220.182669,0.000000
P,e-puck(8),0.012528,0.018896,220.472367,0.000000
P,e-puck(8),0.013188,0.018274,220.463129,0.000000
P,e-puck(8),0.013499,0.018053,219.620096,0.000000
P,e-puck(8),0.013300,0.017776,218.459135,0.000000
P,e-puck(8),0.013883,0.017413,217.032173,0.000000
P,e-puck(8),0.014292,0.017071,214.862524,0.000000
P,e-puck(8),0.015276,0.016884,212.843149,0.000000
P,e-puck(8),0.015173,0.015997,210.620017,0.000000
P,e-puck(8),0.016335,0.016257,207.947070,0.000000
P,e-puck(8),0.016703,0.015578,206.533810,0.000000
P,e-puck(8),0.017668,0.015738,203.722735,0.000000
P,e-puck(8),0.017482,0.015593,201.891384,0.000000
P,e-puck(8),0.018032,0.016217,202.253484,0.000000
P,e-puck(8),0.019025,0.016650,200.944730,0.000000
P,e-puck(8),0.018720,0.016894,200.166644,0.000000
P,e-puck(8),0.019597,0.016077,199.223415,0.000000
P,e-puck(8),0.020010,0.015816,196.931167,0.000000
P,e-puck(8),0.020104,0.015631,194.583870,0.000000
P,e-puck(8),0.020756,0.015819,192.294034,0.000000
P,e-puck(8),0.021231,0.015068,190.648607,0.000000
P,e-puck(8),0.021861,0.015051,188.737678,0.000000
P,e-puck(8),0.022949,0.014967,187.762321,0.000000
P,e-puck(8),0.022698,0.014662,186.567167,0.000000
P,e-puck(8),0.022430,0.014136,186.242791,0.000000
P,e-puck(8),0.023201,0.014400,185.780116,0.000000
P,e-puck(8),0.023287,0.014238,184.685635,0.000000
P,e-puck(8),0.022852,0.013986,182.107343,0.000000
P,e-puck(8),0.023504,0.013098,180.861387,0.000000
P,e-puck(8),0.023637,0.013525,178.909933,0.000000
P,e-puck(8),0.023372,0.012673,177.193887,0.000000
P,e-puck(8),0.022185,0.013925,175.510553,0.000000
P,e-puck(8),0.023148,0.012281,175.195533,0.000000
P,e-puck(8),0.023375,0.011840,173.922815,0.000000
P,e-puck(8),0.023482,0.011030,171.315897,0.000000
P,e-puck(8),0.023443,0.010146,168.593653,0.000000
P,e-puck(8),0.023700,0.009586,165.898397,0.000000
P,e-puck(8),0.023379,0.009241,164.631500,0.000000
P,e-puck(8),0.023219,0.008724,162.433660,0.000000
P,e-puck(8),0.023248,0.008314,160.797520,0.000000
P,e-puck(8),0.022890,0.007933,158.340727,0.000000
P,e-puck(8),0.022454,0.007663,156.866495,0.000000
P,e-puck(8),0.023277,0.008575,155.300737,0.000000
P,e-puck(8),0.022675,0.007096,153.233358,0.000000
P,e-puck(8),0.022456,0.006694,151.543105,0.000000
P,e-puck(8),0.022174,0.006075,149.713275,0.000000
P,e-puck(8),0.022472,0.006583,149.598706,0.000000
P,e-puck(8),0.022200,0.005923,146.647179,0.000000
P,e-puck(8),0.022329,0.005620,144.730757,0.000000
P,e-puck(8),0.022604,0.004515,143.755800,0.000000
P,e-puck(8),0.022301,0.004324,141.882104,0.000000
P,e-puck(8),0.021908,0.004251,141.126312,0.000000
P,e-puck(8),0.021634,0.003932,139.472973,0.000000
P,e-puck(8),0.022075,0.003362,139.587043,0.000000
P,e-puck(8),0.021954,0.003183,138.123939,0.000000
P,e-puck(8),0.022135,0.002932,136.151528,0.000000
P,e-puck(8),0.022133,0.002487,134.823156,0.000000
P,e-puck(8),0.022286,0.001630,132.523129,0.000000
P,e-puck(8),0.021246,0.001925,129.723894,0.000000
P,e-puck(8),0.020989,0.001664,127.982055,0.000000
P,e-puck(8),0.021001,0.000974,127.111001,0.000000
P,e-puck(8),0.020972,0.000416,126.094007,0.000000
P,e-puck(8),0.020829,0.000177,125.162306,0.000000
P,e-puck(8),0.020858,-0.000006,124.424577,0.000000
P,e-puck(8),0.020821,0.000012,124.426657,0.000000
P,e-puck(8),0.020891,-0.000143,124.427716,0.000000
P,e-puck(8),0.020709,0.000115,124.559268,0.000000
P,e-puck(8),0.020956,-0.000281,124.445589,0.000000
P,e-puck(8),0.021411,-0.000315,124.445923,0.000000
P,e-puck(8),0.021472,-0.000640,124.015474,0.000000
P,e-puck(8),0.021047,-0.001436,123.600187,0.000000
P,e-puck(8),0.021178,-0.001966,122.321662,0.000000
P,e-puck(8),0.021153,-0.002335,120.413497,0.000000
