P,e-puck(7),0.141206,0.218473,199.526645,0.000000
P,e-puck(7),0.141194,0.218490,199.526613,0.000000
P,e-puck(7),0.141182,0.218500,199.526595,0.000000
P,e-puck(7),0.141169,0.218504,199.526587,0.000000
P,e-puck(7),0.141156,0.218504,199.526583,0.000000
P,e-puck(7),0.141142,0.218503,199.526581,0.000000
P,e-puck(7),0.141129,0.218501,199.526579,0.000000
P,e-puck(7),0.141116,0.218498,199.526578,0.000000
P,e-puck(7),0.141105,0.218495,199.526575,0.000000
P,e-puck(7),0.141096,0.218492,199.526573,0.000000
P,e-puck(7),0.141090,0.218490,199.526571,0.000000
P,e-puck(7),0.141086,0.218489,199.526569,0.000000
P,e-puck(7),0.141086,0.218489,199.526569,0.000000
P,e-puck(7),0.141089,0.218490,199.526570,0.000000
P,e-puck(7),0.141094,0.218492,199.526573,0.000000
P,e-puck(7),0.141102,0.218495,199.526575,0.000000
P,e-puck(7),0.141112,0.218499,199.526578,0.000000
P,e-puck(7),0.141124,0.218503,199.526580,0.000000
P,e-puck(7),0.141137,0.218507,199.526581,0.000000
P,e-puck(7),0.141149,0.218512,199.526580,0.000000
P,e-puck(7),0.141161,0.218516,199.526578,0.000000
P,e-puck(7),0.141172,0.218520,199.526576,0.000000
P,e-puck(7),0.141180,0.218523,199.526573,0.000000
P,e-puck(7),0.141186,0.218525,199.526570,0.000000
P,e-puck(7),0.141189,0.218526,199.526569,0.000000
P,e-puck(7),0.141190,0.218526,199.526569,0.000000
P,e-puck(7),0.141137,0.218659,200.384681,0.000000
P,e-puck(7),0.141043,0.218878,201.815247,0.000000
P,e-puck(7),0.140864,0.219267,204.391859,0.000000
P,e-puck(7),0.140665,0.219645,206.972057,0.000000
P,e-puck(7),0.140447,0.220013,209.553226,0.000000
P,e-puck(7),0.140212,0.220370,212.134267,0.000000
P,e-puck(7),0.139962,0.220715,214.714704,0.000000
P,e-puck(7),0.139698,0.221048,217.294391,0.000000
P,e-puck(7),0.139422,0.221371,219.873334,0.000000
P,e-puck(7),0.139134,0.221682,222.451611,0.000000
P,e-puck(7),0.138865,0.221948,224.742387,0.000000
P,e-puck(7),0.138514,0.222060,226.720483,0.000000
P,e-puck(7),0.137984,0.221886,228.343925,0.000000
P,e-puck(7),0.137373,0.221485,229.519150,0.000000
P,e-puck(7),0.136701,0.221094,231.118404,0.000000
P,e-puck(7),0.136148,0.220900,233.042525,0.000000
P,e-puck(7),0.135773,0.220974,235.184401,0.000000
P,e-puck(7),0.135442,0.221232,237.760403,0.000000
P,e-puck(7),0.135103,0.221483,240.337319,0.000000
P,e-puck(7),0.134754,0.221725,242.914302,0.000000
P,e-puck(7),0.134396,0.221956,245.490981,0.000000
P,e-puck(7),0.134026,0.222172,248.067224,0.000000
P,e-puck(7),0.133645,0.222371,250.643019,0.000000
P,e-puck(7),0.133253,0.222548,253.218407,0.000000
P,e-puck(7),0.132846,0.222683,255.793464,0.000000
P,e-puck(7),0.132425,0.222773,258.368246,0.000000
P,e-puck(7),0.131998,0.222837,260.942777,0.000000
P,e-puck(7),0.131568,0.222875,263.517088,0.000000
P,e-puck(7),0.131137,0.222888,266.091204,0.000000
P,e-puck(7),0.130707,0.222878,268.665144,0.000000
P,e-puck(7),0.130279,0.222847,271.238926,0.000000
P,e-puck(7),0.129856,0.222796,273.812592,0.000000
P,e-puck(7),0.129428,0.222726,276.418588,0.000000
P,e-puck(7),0.129005,0.222641,279.014577,0.000000
P,e-puck(7),0.128719,0.222565,280.790904,0.000000
P,e-puck(7),0.128536,0.222508,281.939371,0.000000
P,e-puck(7),0.128540,0.222493,281.933806,0.000000
P,e-puck(7),0.128543,0.222482,281.930225,0.000000
P,e-puck(7),0.128545,0.222477,281.927941,0.000000
P,e-puck(7),0.128545,0.222478,281.926475,0.000000
P,e-puck(7),0.128544,0.222484,281.925531,0.000000
P,e-puck(7),0.128541,0.222496,281.924922,0.000000
P,e-puck(7),0.128538,0.222512,281.924529,0.000000
P,e-puck(7),0.128534,0.222533,281.924275,0.000000
P,e-puck(7),0.128529,0.222556,281.924111,0.000000
P,e-puck(7),0.128524,0.222580,281.924008,0.000000
P,e-puck(7),0.128519,0.222604,281.923944,0.000000
P,e-puck(7),0.128514,0.222626,281.923906,0.000000
P,e-puck(7),0.128510,0.222646,281.923885,0.000000
P,e-puck(7),0.128367,0.222631,282.782044,0.000000
P,e-puck(7),0.128132,0.222587,284.212749,0.000000
P,e-puck(7),0.127976,0.222553,285.168293,0.000000
P,e-puck(7),0.127976,0.222554,285.168113,0.000000
P,e-puck(7),0.127977,0.222548,285.167970,0.000000
P,e-puck(7),0.127980,0.222537,285.167873,0.000000
P,e-puck(7),0.127985,0.222520,285.167808,0.000000
P,e-puck(7),0.127990,0.222500,285.167763,0.000000
P,e-puck(7),0.127997,0.222477,285.167733,0.000000
P,e-puck(7),0.128003,0.222452,285.167716,0.000000
P,e-puck(7),0.128010,0.222427,285.167708,0.000000
P,e-puck(7),0.128017,0.222403,285.167707,0.000000
P,e-puck(7),0.128022,0.222383,285.167711,0.000000
P,e-puck(7),0.128027,0.222366,285.167716,0.000000
P,e-puck(7),0.128030,0.222354,285.167722,0.000000
P,e-puck(7),0.128032,0.222348,285.167725,0.000000
P,e-puck(7),0.128032,0.222348,285.167724,0.000000
P,e-puck(7),0.128030,0.222354,285.167720,0.000000
P,e-puck(7),0.128027,0.222366,285.167713,0.000000
P,e-puck(7),0.128022,0.222383,285.167704,0.000000
P,e-puck(7),0.128017,0.222404,285.167697,0.000000
P,e-puck(7),0.128010,0.222427,285.167691,0.000000
P,e-puck(7),0.128003,0.222452,285.167690,0.000000
P,e-puck(7),0.127997,0.222477,285.167692,0.000000
P,e-puck(7),0.127990,0.222500,285.167698,0.000000
P,e-puck(7),0.127985,0.222521,285.167706,0.000000
P,e-puck(7),0.127980,0.222537,285.167714,0.000000
P,e-puck(7),0.127839,0.222510,286.025682,0.000000
P,e-puck(7),0.127609,0.222448,287.456148,0.000000
P,e-puck(7),0.127457,0.222400,288.411121,0.000000
P,e-puck(7),0.127458,0.222395,288.410941,0.000000
P,e-puck(7),0.127462,0.222384,288.410797,0.000000
P,e-puck(7),0.127467,0.222369,288.410699,0.000000
P,e-puck(7),0.127474,0.222348,288.410632,0.000000
P,e-puck(7),0.127481,0.222325,288.410589,0.000000
P,e-puck(7),0.127490,0.222300,288.410562,0.000000
P,e-puck(7),0.127498,0.222275,288.410549,0.000000
P,e-puck(7),0.127506,0.222251,288.410545,0.000000
P,e-puck(7),0.127513,0.222229,288.410549,0.000000
P,e-puck(7),0.127519,0.222212,288.410556,0.000000
P,e-puck(7),0.127523,0.222199,288.410562,0.000000
P,e-puck(7),0.127526,0.222192,288.410566,0.000000
P,e-puck(7),0.127526,0.222192,288.410566,0.000000
P,e-puck(7),0.127524,0.222197,288.410561,0.000000
P,e-puck(7),0.127520,0.222208,288.410553,0.000000
P,e-puck(7),0.127515,0.222225,288.410542,0.000000
P,e-puck(7),0.127508,0.222245,288.410532,0.000000
P,e-puck(7),0.127500,0.222269,288.410525,0.000000
P,e-puck(7),0.127492,0.222294,288.410522,0.000000
P,e-puck(7),0.127484,0.222319,288.410524,0.000000
P,e-puck(7),0.127476,0.222343,288.410531,0.000000
P,e-puck(7),0.127469,0.222364,288.410541,0.000000
P,e-puck(7),0.127327,0.222335,289.268554,0.000000
P,e-puck(7),0.127098,0.222267,290.698982,0.000000
P,e-puck(7),0.126696,0.222114,293.275447,0.000000
P,e-puck(7),0.126423,0.221987,295.071507,0.000000
P,e-puck(7),0.126256,0.221891,296.217804,0.000000
P,e-puck(7),0.126266,0.221871,296.216334,0.000000
P,e-puck(7),0.126278,0.221846,296.215351,0.000000
P,e-puck(7),0.126293,0.221816,296.214717,0.000000
P,e-puck(7),0.126309,0.221783,296.214312,0.000000
P,e-puck(7),0.126326,0.221750,296.214061,0.000000
P,e-puck(7),0.126342,0.221717,296.213913,0.000000
P,e-puck(7),0.126356,0.221688,296.213833,0.000000
P,e-puck(7),0.126368,0.221664,296.213794,0.000000
P,e-puck(7),0.126377,0.221646,296.213776,0.000000
P,e-puck(7),0.126375,0.221650,296.213743,0.000000
P,e-puck(7),0.126370,0.221661,296.213711,0.000000
P,e-puck(7),0.126361,0.221679,296.213679,0.000000
P,e-puck(7),0.126350,0.221702,296.213650,0.000000
P,e-puck(7),0.126336,0.221729,296.213627,0.000000
P,e-puck(7),0.126322,0.221758,296.213615,0.000000
P,e-puck(7),0.126307,0.221789,296.213615,0.000000
P,e-puck(7),0.126165,0.221754,297.071703,0.000000
P,e-puck(7),0.126151,0.221781,297.071759,0.000000
P,e-puck(7),0.126139,0.221804,297.071784,0.000000
P,e-puck(7),0.126130,0.221821,297.071807,0.000000
P,e-puck(7),0.126127,0.221827,297.071815,0.000000
P,e-puck(7),0.126131,0.221821,297.071806,0.000000
P,e-puck(7),0.126137,0.221808,297.071789,0.000000
P,e-puck(7),0.126147,0.221789,297.071768,0.000000
P,e-puck(7),0.126159,0.221765,297.071747,0.000000
P,e-puck(7),0.126173,0.221738,297.071732,0.000000
P,e-puck(7),0.126187,0.221709,297.071725,0.000000
P,e-puck(7),0.126202,0.221680,297.071729,0.000000
P,e-puck(7),0.126216,0.221653,297.071743,0.000000
P,e-puck(7),0.126229,0.221629,297.071763,0.000000
P,e-puck(7),0.126239,0.221609,297.071784,0.000000
P,e-puck(7),0.126246,0.221595,297.071802,0.000000
P,e-puck(7),0.126250,0.221588,297.071813,0.000000
P,e-puck(7),0.126248,0.221590,297.071810,0.000000
P,e-puck(7),0.126244,0.221599,297.071797,0.000000
P,e-puck(7),0.126236,0.221615,297.071778,0.000000
P,e-puck(7),0.126225,0.221636,297.071757,0.000000
P,e-puck(7),0.126212,0.221661,297.071739,0.000000
P,e-puck(7),0.126198,0.221689,297.071729,0.000000
P,e-puck(7),0.126183,0.221718,297.071728,0.000000
P,e-puck(7),0.126169,0.221746,297.071737,0.000000
P,e-puck(7),0.126155,0.221772,297.071754,0.000000
P,e-puck(7),0.126144,0.221794,297.071775,0.000000
P,e-puck(7),0.126008,0.221746,297.929797,0.000000
P,e-puck(7),0.125792,0.221643,299.360148,0.000000
P,e-puck(7),0.125419,0.221427,301.936246,0.000000
P,e-puck(7),0.125209,0.221196,303.736587,0.000000
P,e-puck(7),0.125095,0.221017,304.902791,0.000000
P,e-puck(7),0.125143,0.220948,304.901358,0.000000
P,e-puck(7),0.125189,0.220883,304.900491,0.000000
P,e-puck(7),0.125187,0.220887,304.899872,0.000000
P,e-puck(7),0.125179,0.220898,304.899458,0.000000
P,e-puck(7),0.125168,0.220914,304.899179,0.000000
P,e-puck(7),0.125153,0.220936,304.898990,0.000000
P,e-puck(7),0.125135,0.220961,304.898864,0.000000
P,e-puck(7),0.125116,0.220989,304.898786,0.000000
P,e-puck(7),0.125096,0.221017,304.898745,0.000000
P,e-puck(7),0.125078,0.221044,304.898732,0.000000
P,e-puck(7),0.125061,0.221068,304.898738,0.000000
P,e-puck(7),0.124929,0.221006,305.756891,0.000000
P,e-puck(7),0.124917,0.221022,305.756946,0.000000
P,e-puck(7),0.124914,0.221027,305.756952,0.000000
P,e-puck(7),0.124918,0.221021,305.756938,0.000000
P,e-puck(7),0.124927,0.221009,305.756915,0.000000
P,e-puck(7),0.124940,0.220991,305.756888,0.000000
P,e-puck(7),0.124955,0.220969,305.756863,0.000000
P,e-puck(7),0.124974,0.220944,305.756845,0.000000
P,e-puck(7),0.124993,0.220918,305.756838,0.000000
P,e-puck(7),0.125012,0.220891,305.756843,0.000000
P,e-puck(7),0.125030,0.220866,305.756860,0.000000
P,e-puck(7),0.125046,0.220844,305.756884,0.000000
P,e-puck(7),0.125059,0.220826,305.756910,0.000000
P,e-puck(7),0.125068,0.220814,305.756931,0.000000
P,e-puck(7),0.125071,0.220810,305.756938,0.000000
P,e-puck(7),0.125067,0.220814,305.756930,0.000000
P,e-puck(7),0.125059,0.220825,305.756911,0.000000
P,e-puck(7),0.125048,0.220842,305.756888,0.000000
P,e-puck(7),0.125033,0.220862,305.756865,0.000000
P,e-puck(7),0.125015,0.220886,305.756847,0.000000
P,e-puck(7),0.124997,0.220912,305.756839,0.000000
P,e-puck(7),0.124978,0.220938,305.756843,0.000000
P,e-puck(7),0.124960,0.220963,305.756858,0.000000
P,e-puck(7),0.124944,0.220985,305.756880,0.000000
P,e-puck(7),0.124815,0.220919,306.614903,0.000000
P,e-puck(7),0.124805,0.220933,306.614963,0.000000
P,e-puck(7),0.124799,0.220941,306.614979,0.000000
P,e-puck(7),0.124800,0.220939,306.614976,0.000000
P,e-puck(7),0.124806,0.220931,306.614961,0.000000
P,e-puck(7),0.124817,0.220917,306.614938,0.000000
P,e-puck(7),0.124831,0.220898,306.614913,0.000000
P,e-puck(7),0.124848,0.220875,306.614891,0.000000
P,e-puck(7),0.124867,0.220850,306.614878,0.000000
P,e-puck(7),0.124886,0.220824,306.614876,0.000000
P,e-puck(7),0.124905,0.220798,306.614887,0.000000
P,e-puck(7),0.124922,0.220775,306.614907,0.000000
P,e-puck(7),0.124937,0.220755,306.614931,0.000000
P,e-puck(7),0.124949,0.220740,306.614955,0.000000
P,e-puck(7),0.124956,0.220730,306.614973,0.000000
P,e-puck(7),0.124958,0.220727,306.614978,0.000000
P,e-puck(7),0.124954,0.220732,306.614969,0.000000
P,e-puck(7),0.124946,0.220743,306.614950,0.000000
P,e-puck(7),0.124934,0.220759,306.614927,0.000000
P,e-puck(7),0.124919,0.220780,306.614903,0.000000
P,e-puck(7),0.124901,0.220803,306.614886,0.000000
P,e-puck(7),0.124882,0.220829,306.614878,0.000000
P,e-puck(7),0.124863,0.220855,306.614882,0.000000
P,e-puck(7),0.124845,0.220879,306.614897,0.000000
P,e-puck(7),0.124714,0.220816,307.472914,0.000000
P,e-puck(7),0.124699,0.220834,307.472977,0.000000
P,e-puck(7),0.124689,0.220848,307.473002,0.000000
P,e-puck(7),0.124683,0.220856,307.473018,0.000000
P,e-puck(7),0.124685,0.220853,307.473014,0.000000
P,e-puck(7),0.124692,0.220845,307.472998,0.000000
P,e-puck(7),0.124703,0.220830,307.472974,0.000000
P,e-puck(7),0.124717,0.220811,307.472948,0.000000
P,e-puck(7),0.124735,0.220788,307.472926,0.000000
P,e-puck(7),0.124754,0.220763,307.472913,0.000000
P,e-puck(7),0.124774,0.220737,307.472912,0.000000
P,e-puck(7),0.124793,0.220712,307.472923,0.000000
P,e-puck(7),0.124811,0.220688,307.472944,0.000000
P,e-puck(7),0.124826,0.220669,307.472969,0.000000
P,e-puck(7),0.124838,0.220654,307.472994,0.000000
P,e-puck(7),0.124845,0.220644,307.473011,0.000000
P,e-puck(7),0.124847,0.220642,307.473016,0.000000
P,e-puck(7),0.124843,0.220648,307.473006,0.000000
P,e-puck(7),0.124834,0.220659,307.472986,0.000000
P,e-puck(7),0.124821,0.220675,307.472962,0.000000
P,e-puck(7),0.124805,0.220696,307.472938,0.000000
P,e-puck(7),0.124787,0.220720,307.472920,0.000000
P,e-puck(7),0.124767,0.220746,307.472913,0.000000
P,e-puck(7),0.124748,0.220771,307.472918,0.000000
P,e-puck(7),0.124729,0.220796,307.472934,0.000000
P,e-puck(7),0.124713,0.220817,307.472957,0.000000
P,e-puck(7),0.124586,0.220747,308.330977,0.000000
P,e-puck(7),0.124575,0.220761,308.331036,0.000000
P,e-puck(7),0.124569,0.220768,308.331052,0.000000
P,e-puck(7),0.124571,0.220766,308.331048,0.000000
P,e-puck(7),0.124578,0.220757,308.331031,0.000000
P,e-puck(7),0.124590,0.220742,308.331007,0.000000
P,e-puck(7),0.124605,0.220723,308.330981,0.000000
P,e-puck(7),0.124623,0.220700,308.330959,0.000000
P,e-puck(7),0.124643,0.220675,308.330946,0.000000
P,e-puck(7),0.124663,0.220649,308.330946,0.000000
P,e-puck(7),0.124683,0.220624,308.330957,0.000000
P,e-puck(7),0.124701,0.220601,308.330979,0.000000
P,e-puck(7),0.124716,0.220582,308.331005,0.000000
P,e-puck(7),0.124728,0.220567,308.331029,0.000000
P,e-puck(7),0.124735,0.220558,308.331047,0.000000
P,e-puck(7),0.124737,0.220556,308.331051,0.000000
P,e-puck(7),0.124732,0.220562,308.331040,0.000000
P,e-puck(7),0.124723,0.220573,308.331020,0.000000
P,e-puck(7),0.124710,0.220590,308.330995,0.000000
P,e-puck(7),0.124694,0.220610,308.330971,0.000000
P,e-puck(7),0.124675,0.220634,308.330953,0.000000
P,e-puck(7),0.124655,0.220660,308.330947,0.000000
P,e-puck(7),0.124635,0.220685,308.330952,0.000000
P,e-puck(7),0.124616,0.220709,308.330969,0.000000
P,e-puck(7),0.124599,0.220731,308.330993,0.000000
P,e-puck(7),0.124473,0.220659,309.189012,0.000000
P,e-puck(7),0.124278,0.220519,310.619290,0.000000
P,e-puck(7),0.124154,0.220418,311.577313,0.000000
P,e-puck(7),0.124159,0.220413,311.577129,0.000000
P,e-puck(7),0.124159,0.220412,311.577450,0.000000
P,e-puck(7),0.123645,0.220991,311.577197,0.000000
P,e-puck(7),0.122770,0.221978,311.577098,0.000000
P,e-puck(7),0.121887,0.222973,311.577006,0.000000
P,e-puck(7),0.120999,0.223974,311.576941,0.000000
P,e-puck(7),0.120108,0.224978,311.576917,0.000000
P,e-puck(7),0.119218,0.225982,311.576942,0.000000
P,e-puck(7),0.118329,0.226984,311.577010,0.000000
P,e-puck(7),0.117444,0.227981,311.577108,0.000000
P,e-puck(7),0.116600,0.228933,311.577114,0.000000
P,e-puck(7),0.115762,0.229877,311.577105,0.000000
P,e-puck(7),0.114930,0.230816,311.577089,0.000000
P,e-puck(7),0.114102,0.231749,311.577074,0.000000
P,e-puck(7),0.113276,0.232680,311.577069,0.000000
P,e-puck(7),0.112453,0.233608,311.577079,0.000000
P,e-puck(7),0.111629,0.234536,311.577106,0.000000
P,e-puck(7),0.110804,0.235467,311.577147,0.000000
P,e-puck(7),0.109976,0.236400,311.577196,0.000000
P,e-puck(7),0.109143,0.237339,311.577245,0.000000
P,e-puck(7),0.108290,0.238301,311.577242,0.000000
P,e-puck(7),0.107431,0.239269,311.577225,0.000000
P,e-puck(7),0.106568,0.240242,311.577200,0.000000
P,e-puck(7),0.105701,0.241219,311.577173,0.000000
P,e-puck(7),0.104831,0.242200,311.577151,0.000000
P,e-puck(7),0.103959,0.243182,311.577138,0.000000
P,e-puck(7),0.103088,0.244165,311.577136,0.000000
P,e-puck(7),0.102217,0.245147,311.577146,0.000000
P,e-puck(7),0.101348,0.246126,311.577162,0.000000
P,e-puck(7),0.100483,0.247101,311.577181,0.000000
P,e-puck(7),0.099622,0.248072,311.577195,0.000000
P,e-puck(7),0.098766,0.249037,311.577198,0.000000
P,e-puck(7),0.097918,0.249992,311.577180,0.000000
P,e-puck(7),0.097076,0.250942,311.577149,0.000000
P,e-puck(7),0.096239,0.251886,311.577109,0.000000
P,e-puck(7),0.095406,0.252825,311.577065,0.000000
P,e-puck(7),0.094576,0.253760,311.577024,0.000000
P,e-puck(7),0.093748,0.254693,311.576992,0.000000
P,e-puck(7),0.092921,0.255625,311.576971,0.000000
P,e-puck(7),0.092094,0.256558,311.576964,0.000000
P,e-puck(7),0.091265,0.257492,311.576966,0.000000
P,e-puck(7),0.090434,0.258429,311.576974,0.000000
P,e-puck(7),0.089598,0.259371,311.576980,0.000000
P,e-puck(7),0.088753,0.260324,311.576965,0.000000
P,e-puck(7),0.087899,0.261287,311.576926,0.000000
P,e-puck(7),0.087160,0.262344,310.719009,0.000000
P,e-puck(7),0.086864,0.262977,309.629217,0.000000
P,e-puck(7),0.086942,0.263077,308.902863,0.000000
P,e-puck(7),0.087097,0.263223,307.642313,0.000000
P,e-puck(7),0.087320,0.263418,305.860983,0.000000
P,e-puck(7),0.087126,0.264073,304.510370,0.000000
P,e-puck(7),0.086976,0.264790,302.840860,0.000000
P,e-puck(7),0.087003,0.265367,300.869479,0.000000
P,e-puck(7),0.087482,0.265126,299.152533,0.000000
P,e-puck(7),0.088003,0.264579,298.008299,0.000000
P,e-puck(7),0.088542,0.263831,297.245756,0.000000
P,e-puck(7),0.089088,0.262948,296.737527,0.000000
P,e-puck(7),0.089664,0.261801,296.738141,0.000000
P,e-puck(7),0.090244,0.260648,296.738790,0.000000
P,e-puck(7),0.090827,0.259488,296.739355,0.000000
P,e-puck(7),0.091414,0.258322,296.739812,0.000000
P,e-puck(7),0.092002,0.257153,296.740166,0.000000
P,e-puck(7),0.092608,0.256257,295.882254,0.000000
P,e-puck(7),0.093056,0.255541,295.309682,0.000000
P,e-puck(7),0.093514,0.254568,295.309631,0.000000
P,e-puck(7),0.094075,0.253379,295.309617,0.000000
P,e-puck(7),0.094708,0.252224,294.815957,0.000000
P,e-puck(7),0.095252,0.251045,294.815894,0.000000
P,e-puck(7),0.095735,0.250327,293.957655,0.000000
P,e-puck(7),0.096176,0.249899,292.526903,0.000000
P,e-puck(7),0.096593,0.249658,290.714071,0.000000
P,e-puck(7),0.096912,0.249369,289.505171,0.000000
P,e-puck(7),0.097328,0.248854,288.152368,0.000000
P,e-puck(7),0.097728,0.248099,287.250507,0.000000
P,e-puck(7),0.098153,0.247344,286.115052,0.000000
P,e-puck(7),0.098505,0.246556,285.358202,0.000000
P,e-puck(7),0.098833,0.245663,284.853788,0.000000
P,e-puck(7),0.099160,0.244420,284.854050,0.000000
P,e-puck(7),0.099489,0.243170,284.854597,0.000000
P,e-puck(7),0.099822,0.241912,284.855179,0.000000
P,e-puck(7),0.100182,0.240659,284.683223,0.000000
P,e-puck(7),0.100592,0.239706,283.710390,0.000000
P,e-puck(7),0.100869,0.239002,283.061181,0.000000
P,e-puck(7),0.101141,0.238134,282.628339,0.000000
P,e-puck(7),0.101419,0.236883,282.628166,0.000000
P,e-puck(7),0.101700,0.235626,282.628326,0.000000
P,e-puck(7),0.101982,0.234361,282.628589,0.000000
P,e-puck(7),0.102266,0.233091,282.628857,0.000000
P,e-puck(7),0.102551,0.231817,282.629089,0.000000
P,e-puck(7),0.102837,0.230539,282.629273,0.000000
P,e-puck(7),0.103124,0.229260,282.629415,0.000000
P,e-puck(7),0.103410,0.227982,282.629520,0.000000
P,e-puck(7),0.103696,0.226705,282.629599,0.000000
P,e-puck(7),0.103981,0.225433,282.629656,0.000000
P,e-puck(7),0.104265,0.224165,282.629695,0.000000
P,e-puck(7),0.104548,0.222903,282.629720,0.000000
P,e-puck(7),0.104829,0.221649,282.629731,0.000000
P,e-puck(7),0.105109,0.220401,282.629730,0.000000
P,e-puck(7),0.105387,0.219160,282.629722,0.000000
P,e-puck(7),0.105663,0.217926,282.629707,0.000000
P,e-puck(7),0.105938,0.216698,282.629689,0.000000
P,e-puck(7),0.106213,0.215474,282.629671,0.000000
P,e-puck(7),0.106486,0.214252,282.629655,0.000000
P,e-puck(7),0.106760,0.213032,282.629643,0.000000
P,e-puck(7),0.107033,0.211812,282.629635,0.000000
P,e-puck(7),0.107307,0.210589,282.629630,0.000000
P,e-puck(7),0.107582,0.209363,282.629628,0.000000
P,e-puck(7),0.107858,0.208132,282.629626,0.000000
P,e-puck(7),0.108135,0.206894,282.629622,0.000000
P,e-puck(7),0.108414,0.205650,282.629614,0.000000
P,e-puck(7),0.108694,0.204399,282.629602,0.000000
P,e-puck(7),0.108976,0.203142,282.629586,0.000000
P,e-puck(7),0.109259,0.201878,282.629568,0.000000
P,e-puck(7),0.109593,0.200624,282.305700,0.000000
P,e-puck(7),0.109968,0.199705,281.232291,0.000000
P,e-puck(7),0.110299,0.199332,279.658445,0.000000
P,e-puck(7),0.110651,0.199093,277.750912,0.000000
P,e-puck(7),0.111020,0.198939,275.620701,0.000000
P,e-puck(7),0.111438,0.198984,273.045324,0.000000
P,e-puck(7),0.111735,0.199006,271.246482,0.000000
P,e-puck(7),0.111947,0.198286,270.048408,0.000000
P,e-puck(7),0.112076,0.197376,269.250485,0.000000
P,e-puck(7),0.112147,0.196342,268.718982,0.000000
P,e-puck(7),0.112116,0.195050,268.720048,0.000000
P,e-puck(7),0.112085,0.193749,268.721141,0.000000
P,e-puck(7),0.112055,0.192440,268.722085,0.000000
P,e-puck(7),0.112025,0.191125,268.722840,0.000000
P,e-puck(7),0.111995,0.189807,268.723418,0.000000
P,e-puck(7),0.111965,0.188489,268.723846,0.000000
P,e-puck(7),0.111936,0.187172,268.724157,0.000000
P,e-puck(7),0.111906,0.185859,268.724377,0.000000
P,e-puck(7),0.111877,0.184552,268.724530,0.000000
P,e-puck(7),0.111848,0.183252,268.724635,0.000000
P,e-puck(7),0.111819,0.181967,268.724706,0.000000
P,e-puck(7),0.111791,0.180697,268.724751,0.000000
P,e-puck(7),0.111763,0.179435,268.724778,0.000000
P,e-puck(7),0.111735,0.178181,268.724792,0.000000
P,e-puck(7),0.111707,0.176933,268.724798,0.000000
P,e-puck(7),0.111680,0.175689,268.724802,0.000000
P,e-puck(7),0.111652,0.174447,268.724805,0.000000
P,e-puck(7),0.111624,0.173205,268.724809,0.000000
P,e-puck(7),0.111597,0.171960,268.724814,0.000000
P,e-puck(7),0.111569,0.170711,268.724818,0.000000
P,e-puck(7),0.111541,0.169443,268.724821,0.000000
P,e-puck(7),0.111512,0.168157,268.724826,0.000000
P,e-puck(7),0.111530,0.166867,268.434669,0.000000
P,e-puck(7),0.111670,0.165871,267.383564,0.000000
P,e-puck(7),0.111899,0.165403,265.824880,0.000000
P,e-puck(7),0.112182,0.165070,263.924057,0.000000
P,e-puck(7),0.112502,0.164819,261.793278,0.000000
P,e-puck(7),0.112920,0.164759,259.208960,0.000000
P,e-puck(7),0.113338,0.164691,256.623156,0.000000
P,e-puck(7),0.113754,0.164610,254.038034,0.000000
P,e-puck(7),0.114046,0.164545,252.237205,0.000000
P,e-puck(7),0.113994,0.163779,251.038815,0.000000
P,e-puck(7),0.113816,0.162866,250.240947,0.000000
P,e-puck(7),0.113534,0.161844,249.732610,0.000000
P,e-puck(7),0.113083,0.160629,249.734253,0.000000
P,e-puck(7),0.112629,0.159404,249.735661,0.000000
P,e-puck(7),0.112173,0.158172,249.736784,0.000000
P,e-puck(7),0.111715,0.156933,249.737635,0.000000
P,e-puck(7),0.111256,0.155692,249.738255,0.000000
P,e-puck(7),0.110798,0.154449,249.738687,0.000000
P,e-puck(7),0.110339,0.153209,249.738975,0.000000
P,e-puck(7),0.109883,0.151973,249.739159,0.000000
P,e-puck(7),0.109434,0.150756,249.739287,0.000000
P,e-puck(7),0.108992,0.149561,249.739389,0.000000
P,e-puck(7),0.108554,0.148373,249.739465,0.000000
P,e-puck(7),0.108118,0.147191,249.739521,0.000000
P,e-puck(7),0.107683,0.146015,249.739561,0.000000
P,e-puck(7),0.107250,0.144842,249.739587,0.000000
P,e-puck(7),0.106818,0.143672,249.739600,0.000000
P,e-puck(7),0.106387,0.142502,249.739599,0.000000
P,e-puck(7),0.105954,0.141331,249.739588,0.000000
P,e-puck(7),0.105521,0.140157,249.739569,0.000000
P,e-puck(7),0.105086,0.138979,249.739547,0.000000
P,e-puck(7),0.104781,0.137759,248.880812,0.000000
P,e-puck(7),0.104809,0.137196,247.449882,0.000000
P,e-puck(7),0.104946,0.136765,245.636263,0.000000
P,e-puck(7),0.105153,0.136412,243.566904,0.000000
P,e-puck(7),0.105532,0.136226,240.987082,0.000000
P,e-puck(7),0.105905,0.136029,238.405731,0.000000
P,e-puck(7),0.106274,0.135822,235.824266,0.000000
P,e-puck(7),0.106638,0.135602,233.243269,0.000000
P,e-puck(7),0.106994,0.135368,230.662953,0.000000
P,e-puck(7),0.107089,0.135025,228.890420,0.000000
P,e-puck(7),0.106755,0.134359,227.746819,0.000000
P,e-puck(7),0.106235,0.133605,226.985354,0.000000
P,e-puck(7),0.105590,0.132796,226.478136,0.000000
P,e-puck(7),0.104706,0.131869,226.480071,0.000000
P,e-puck(7),0.103818,0.130935,226.481654,0.000000
P,e-puck(7),0.102924,0.129995,226.482879,0.000000
P,e-puck(7),0.102026,0.129051,226.483799,0.000000
P,e-puck(7),0.101125,0.128103,226.484472,0.000000
P,e-puck(7),0.100222,0.127152,226.484951,0.000000
P,e-puck(7),0.099318,0.126200,226.485280,0.000000
P,e-puck(7),0.098415,0.125249,226.485499,0.000000
P,e-puck(7),0.097514,0.124300,226.485639,0.000000
P,e-puck(7),0.096615,0.123354,226.485726,0.000000
P,e-puck(7),0.095721,0.122412,226.485781,0.000000
P,e-puck(7),0.094832,0.121475,226.485820,0.000000
P,e-puck(7),0.093948,0.120545,226.485856,0.000000
P,e-puck(7),0.093070,0.119619,226.485894,0.000000
P,e-puck(7),0.092197,0.118700,226.485938,0.000000
P,e-puck(7),0.091329,0.117786,226.485984,0.000000
P,e-puck(7),0.090465,0.116876,226.486028,0.000000
P,e-puck(7),0.089604,0.115969,226.486066,0.000000
P,e-puck(7),0.088995,0.115129,225.627483,0.000000
P,e-puck(7),0.088782,0.114582,224.196628,0.000000
P,e-puck(7),0.088725,0.114118,222.383565,0.000000
P,e-puck(7),0.088768,0.113704,220.315365,0.000000
P,e-puck(7),0.089039,0.113379,217.737297,0.000000
P,e-puck(7),0.089301,0.113047,215.158282,0.000000
P,e-puck(7),0.089556,0.112707,212.579342,0.000000
P,e-puck(7),0.089802,0.112358,210.000917,0.000000
P,e-puck(7),0.090036,0.112000,207.423147,0.000000
P,e-puck(7),0.090196,0.111761,205.707057,0.000000
P,e-puck(7),0.090311,0.111605,204.565180,0.000000
P,e-puck(7),0.090160,0.111397,203.804918,0.000000
P,e-puck(7),0.089380,0.110905,202.980603,0.000000
P,e-puck(7),0.088463,0.110420,202.431189,0.000000
P,e-puck(7),0.087266,0.109928,202.432557,0.000000
P,e-puck(7),0.086061,0.109431,202.433718,0.000000
P,e-puck(7),0.084848,0.108932,202.434638,0.000000
P,e-puck(7),0.083631,0.108429,202.435340,0.000000
P,e-puck(7),0.082411,0.107926,202.435858,0.000000
P,e-puck(7),0.081190,0.107422,202.436229,0.000000
P,e-puck(7),0.079971,0.106919,202.436486,0.000000
P,e-puck(7),0.078756,0.106418,202.436662,0.000000
P,e-puck(7),0.077548,0.105919,202.436784,0.000000
P,e-puck(7),0.076347,0.105423,202.436875,0.000000
P,e-puck(7),0.075168,0.104936,202.436969,0.000000
P,e-puck(7),0.073998,0.104453,202.437054,0.000000
P,e-puck(7),0.072836,0.103973,202.437134,0.000000
P,e-puck(7),0.071680,0.103496,202.437204,0.000000
P,e-puck(7),0.070529,0.103021,202.437262,0.000000
P,e-puck(7),0.069381,0.102547,202.437304,0.000000
P,e-puck(7),0.068234,0.102073,202.437329,0.000000
P,e-puck(7),0.067085,0.101599,202.437338,0.000000
P,e-puck(7),0.065997,0.101002,201.579042,0.000000
P,e-puck(7),0.065609,0.100603,200.148980,0.000000
P,e-puck(7),0.065390,0.100212,198.336919,0.000000
P,e-puck(7),0.065274,0.099821,196.269903,0.000000
P,e-puck(7),0.065396,0.099417,193.693283,0.000000
P,e-puck(7),0.065510,0.099009,191.115835,0.000000
P,e-puck(7),0.065614,0.098596,188.538469,0.000000
P,e-puck(7),0.065706,0.098179,185.961550,0.000000
P,e-puck(7),0.065783,0.097757,183.385185,0.000000
P,e-puck(7),0.065837,0.097464,181.611018,0.000000
P,e-puck(7),0.065882,0.097274,180.469943,0.000000
P,e-puck(7),0.065647,0.097146,179.710480,0.000000
P,e-puck(7),0.064715,0.097015,178.886452,0.000000
P,e-puck(7),0.063668,0.096947,178.337224,0.000000
P,e-puck(7),0.062367,0.096987,178.338591,0.000000
P,e-puck(7),0.061056,0.097026,178.339728,0.000000
P,e-puck(7),0.059738,0.097065,178.340615,0.000000
P,e-puck(7),0.058414,0.097104,178.341282,0.000000
P,e-puck(7),0.057088,0.097142,178.341774,0.000000
P,e-puck(7),0.055762,0.097181,178.342130,0.000000
P,e-puck(7),0.054438,0.097220,178.342384,0.000000
P,e-puck(7),0.053121,0.097258,178.342563,0.000000
P,e-puck(7),0.051827,0.097295,178.342688,0.000000
P,e-puck(7),0.050559,0.097332,178.342770,0.000000
P,e-puck(7),0.049298,0.097369,178.342824,0.000000
P,e-puck(7),0.048045,0.097405,178.342858,0.000000
P,e-puck(7),0.046797,0.097441,178.342880,0.000000
P,e-puck(7),0.045552,0.097477,178.342892,0.000000
P,e-puck(7),0.044309,0.097513,178.342898,0.000000
P,e-puck(7),0.043974,0.097525,178.343118,0.000000
P,e-puck(7),0.043821,0.097527,179.180398,0.000000
P,e-puck(7),0.043950,0.097636,179.762476,0.000000
P,e-puck(7),0.044039,0.097713,180.220771,0.000000
P,e-puck(7),0.044098,0.097761,180.573635,0.000000
P,e-puck(7),0.044137,0.097775,180.762733,0.000000
P,e-puck(7),0.044159,0.097758,180.778602,0.000000
P,e-puck(7),0.044170,0.097734,180.744450,0.000000
P,e-puck(7),0.044169,0.097713,180.719407,0.000000
P,e-puck(7),0.044158,0.097694,180.704855,0.000000
P,e-puck(7),0.044137,0.097676,180.692952,0.000000
P,e-puck(7),0.044108,0.097658,180.679903,0.000000
P,e-puck(7),0.044070,0.097642,180.671124,0.000000
P,e-puck(7),0.044024,0.097626,180.665627,0.000000
P,e-puck(7),0.043971,0.097611,180.662266,0.000000
P,e-puck(7),0.043909,0.097596,180.660228,0.000000
P,e-puck(7),0.043839,0.097581,180.658992,0.000000
P,e-puck(7),0.043762,0.097566,180.658236,0.000000
P,e-puck(7),0.043678,0.097551,180.657763,0.000000
P,e-puck(7),0.043585,0.097537,180.657455,0.000000
P,e-puck(7),0.043486,0.097522,180.657243,0.000000
P,e-puck(7),0.043379,0.097507,180.657086,0.000000
P,e-puck(7),0.043264,0.097493,180.656959,0.000000
P,e-puck(7),0.043142,0.097478,180.656849,0.000000
P,e-puck(7),0.043013,0.097463,180.656747,0.000000
P,e-puck(7),0.042877,0.097449,180.656649,0.000000
P,e-puck(7),0.042734,0.097434,180.656552,0.000000
P,e-puck(7),0.042583,0.097420,180.656456,0.000000
P,e-puck(7),0.042425,0.097405,180.656361,0.000000
P,e-puck(7),0.042260,0.097390,180.656266,0.000000
P,e-puck(7),0.042088,0.097376,180.656171,0.000000
P,e-puck(7),0.041909,0.097361,180.656077,0.000000
P,e-puck(7),0.041722,0.097347,180.655984,0.000000
P,e-puck(7),0.041539,0.097332,180.656244,0.000000
P,e-puck(7),0.041365,0.097318,180.659071,0.000000
P,e-puck(7),0.041197,0.097304,180.663159,0.000000
P,e-puck(7),0.041035,0.097290,180.667430,0.000000
P,e-puck(7),0.040885,0.097276,180.671293,0.000000
P,e-puck(7),0.040736,0.097261,180.675343,0.000000
P,e-puck(7),0.040588,0.097247,180.679161,0.000000
P,e-puck(7),0.040476,0.097230,180.671352,0.000000
P,e-puck(7),0.040399,0.097215,180.672004,0.000000
P,e-puck(7),0.040324,0.097201,180.676974,0.000000
P,e-puck(7),0.040249,0.097187,180.680361,0.000000
P,e-puck(7),0.040176,0.097172,180.683269,0.000000
P,e-puck(7),0.040106,0.097159,180.699146,0.000000
P,e-puck(7),0.040040,0.097149,180.731751,0.000000
P,e-puck(7),0.039977,0.097138,180.764796,0.000000
P,e-puck(7),0.039912,0.097124,180.785375,0.000000
P,e-puck(7),0.039848,0.097109,180.804237,0.000000
P,e-puck(7),0.039785,0.097094,180.821034,0.000000
P,e-puck(7),0.039723,0.097078,180.836198,0.000000
P,e-puck(7),0.039661,0.097061,180.850130,0.000000
P,e-puck(7),0.039595,0.097044,180.863133,0.000000
P,e-puck(7),0.039519,0.097027,180.875433,0.000000
P,e-puck(7),0.039434,0.097009,180.887223,0.000000
P,e-puck(7),0.039350,0.096991,180.898849,0.000000
P,e-puck(7),0.039280,0.096973,180.910165,0.000000
P,e-puck(7),0.039218,0.096952,180.907379,0.000000
P,e-puck(7),0.038737,0.096930,180.895087,0.000000
P,e-puck(7),0.037709,0.096911,180.901026,0.000000
P,e-puck(7),0.037419,0.096952,181.202407,0.000000
P,e-puck(7),0.036030,0.097005,181.750118,0.000000
P,e-puck(7),0.034698,0.096973,181.816309,0.000000
P,e-puck(7),0.033362,0.096930,181.816521,0.000000
P,e-puck(7),0.032069,0.096886,181.805561,0.000000
P,e-puck(7),0.030766,0.096845,181.805482,0.000000
P,e-puck(7),0.029471,0.096804,181.805393,0.000000
P,e-puck(7),0.028182,0.096763,181.805320,0.000000
P,e-puck(7),0.027052,0.096727,181.805318,0.000000
P,e-puck(7),0.025837,0.096687,181.804821,0.000000
P,e-puck(7),0.024954,0.096666,181.848098,0.000000
P,e-puck(7),0.023901,0.096632,181.848184,0.000000
P,e-puck(7),0.022846,0.096607,181.848285,0.000000
P,e-puck(7),0.021982,0.096577,181.848674,0.000000
P,e-puck(7),0.021676,0.096547,181.803736,0.000000
P,e-puck(7),0.020669,0.096253,182.083035,0.000000
P,e-puck(7),0.019649,0.095946,182.601330,0.000000
P,e-puck(7),0.018637,0.095775,183.104953,0.000000
P,e-puck(7),0.017898,0.095770,183.667292,0.000000
P,e-puck(7),0.017143,0.095773,184.354977,0.000000
P,e-puck(7),0.016552,0.095750,185.096623,0.000000
P,e-puck(7),0.016261,0.095742,186.062169,0.000000
P,e-puck(7),0.016096,0.095711,187.097478,0.000000
P,e-puck(7),0.016121,0.095654,188.208355,0.000000
P,e-puck(7),0.016175,0.095560,189.320860,0.000000
P,e-puck(7),0.015811,0.095383,189.818788,0.000000
P,e-puck(7),0.015228,0.095158,189.799265,0.000000
P,e-puck(7),0.014947,0.094938,189.821249,0.000000
P,e-puck(7),0.013981,0.094722,189.827188,0.000000
P,e-puck(7),0.013504,0.094578,189.824673,0.000000
P,e-puck(7),0.013013,0.094337,190.019517,0.000000
P,e-puck(7),0.012148,0.094110,190.015593,0.000000
P,e-puck(7),0.010874,0.093885,190.014445,0.000000
P,e-puck(7),0.009786,0.093660,190.012574,0.000000
P,e-puck(7),0.008858,0.093435,190.010908,0.000000
P,e-puck(7),0.007954,0.093212,190.009839,0.000000
P,e-puck(7),0.006897,0.092989,190.008843,0.000000
P,e-puck(7),0.005851,0.092765,190.008569,0.000000
P,e-puck(7),0.005578,0.092599,190.007945,0.000000
P,e-puck(7),0.005665,0.092365,189.354603,0.000000
P,e-puck(7),0.004908,0.092100,189.369075,0.000000
P,e-puck(7),0.003588,0.091883,189.367208,0.000000
P,e-puck(7),0.002285,0.091669,189.367307,0.000000
P,e-puck(7),0.001209,0.091456,189.365152,0.000000
P,e-puck(7),0.000529,0.091244,189.362294,0.000000
P,e-puck(7),-0.000263,0.091034,189.361428,0.000000
P,e-puck(7),-0.001132,0.090825,189.360981,0.000000
P,e-puck(7),-0.001935,0.090589,189.360750,0.000000
P,e-puck(7),-0.002361,0.090299,188.690738,0.000000
P,e-puck(7),-0.002769,0.090235,188.686802,0.000000
P,e-puck(7),-0.003793,0.089997,188.914009,0.000000
P,e-puck(7),-0.005009,0.089789,188.908520,0.000000
P,e-puck(7),-0.006309,0.089584,188.906777,0.000000
P,e-puck(7),-0.007597,0.089382,188.906986,0.000000
P,e-puck(7),-0.009517,0.088974,188.904056,0.000000
P,e-puck(7),-0.008809,0.089084,188.905439,0.000000
P,e-puck(7),-0.009986,0.088843,189.138432,0.000000
P,e-puck(7),-0.010190,0.088601,188.664870,0.000000
P,e-puck(7),-0.010756,0.088655,189.114117,0.000000
P,e-puck(7),-0.011555,0.088473,189.120307,0.000000
P,e-puck(7),-0.012839,0.088278,189.118039,0.000000
P,e-puck(7),-0.014118,0.088080,189.117105,0.000000
P,e-puck(7),-0.015393,0.087880,189.116458,0.000000
P,e-puck(7),-0.016664,0.087635,189.116013,0.000000
P,e-puck(7),-0.017932,0.087378,189.115698,0.000000
P,e-puck(7),-0.019198,0.087018,189.115468,0.000000
P,e-puck(7),-0.020463,0.086640,189.115311,0.000000
P,e-puck(7),-0.021727,0.086282,189.115210,0.000000
P,e-puck(7),-0.022991,0.085931,189.115135,0.000000
P,e-puck(7),-0.024254,0.085634,189.115060,0.000000
P,e-puck(7),-0.024785,0.085446,189.115018,0.000000
P,e-puck(7),-0.025437,0.085246,189.129031,0.000000
P,e-puck(7),-0.025427,0.084998,189.129633,0.000000
P,e-puck(7),-0.026436,0.085113,189.468315,0.000000
P,e-puck(7),-0.027135,0.084723,189.700932,0.000000
P,e-puck(7),-0.028097,0.084334,189.635885,0.000000
P,e-puck(7),-0.029819,0.084898,188.377842,0.000000
P,e-puck(7),-0.029625,0.083742,188.282568,0.000000
P,e-puck(7),-0.029977,0.082758,188.149561,0.000000
P,e-puck(7),-0.032013,0.082211,187.796074,0.000000
P,e-puck(7),-0.031020,0.082346,187.799256,0.000000
P,e-puck(7),-0.031751,0.081941,187.822969,0.000000
P,e-puck(7),-0.032578,0.081807,187.817187,0.000000
P,e-puck(7),-0.033431,0.083381,188.064526,0.000000
P,e-puck(7),-0.033785,0.081849,187.850507,0.000000
P,e-puck(7),-0.034274,0.081241,188.721812,0.000000
P,e-puck(7),-0.035093,0.080257,189.135763,0.000000
P,e-puck(7),-0.035603,0.080757,189.676061,0.000000
P,e-puck(7),-0.035730,0.080345,189.735224,0.000000
P,e-puck(7),-0.036811,0.079746,189.734187,0.000000
P,e-puck(7),-0.036711,0.079603,189.707003,0.000000
P,e-puck(7),-0.036881,0.079215,189.902757,0.000000
P,e-puck(7),-0.037413,0.078617,189.716149,0.000000
P,e-puck(7),-0.038296,0.078257,189.607347,0.000000
P,e-puck(7),-0.038971,0.078041,189.594738,0.000000
P,e-puck(7),-0.039944,0.077508,189.491191,0.000000
P,e-puck(7),-0.041200,0.076277,189.491212,0.000000
P,e-puck(7),-0.042507,0.075563,189.491126,0.000000
P,e-puck(7),-0.043795,0.074799,189.491118,0.000000
P,e-puck(7),-0.044884,0.074089,189.491240,0.000000
P,e-puck(7),-0.045416,0.073765,189.670926,0.000000
P,e-puck(7),-0.047254,0.073432,189.548616,0.000000
P,e-puck(7),-0.048784,0.072836,189.548350,0.000000
P,e-puck(7),-0.049407,0.071887,189.884482,0.000000
P,e-puck(7),-0.050109,0.071492,190.113118,0.000000
P,e-puck(7),-0.050956,0.071140,190.232949,0.000000
P,e-puck(7),-0.051600,0.070423,190.232598,0.000000
P,e-puck(7),-0.053395,0.070066,190.185300,0.000000
P,e-puck(7),-0.054330,0.069802,190.164577,0.000000
P,e-puck(7),-0.055042,0.069799,190.138496,0.000000
P,e-puck(7),-0.056122,0.069513,190.097319,0.000000
P,e-puck(7),-0.056479,0.069340,190.098120,0.000000
P,e-puck(7),-0.057222,0.069065,190.096816,0.000000
P,e-puck(7),-0.057673,0.068889,190.097722,0.000000
P,e-puck(7),-0.058323,0.068798,190.197092,0.000000
P,e-puck(7),-0.059578,0.068502,190.318250,0.000000
P,e-puck(7),-0.059908,0.067996,190.807698,0.000000
P,e-puck(7),-0.060643,0.067794,190.816055,0.000000
P,e-puck(7),-0.061548,0.067627,190.890801,0.000000
P,e-puck(7),-0.062742,0.067162,190.750788,0.000000
P,e-puck(7),-0.062365,0.067031,191.033908,0.000000
P,e-puck(7),-0.063158,0.066703,191.076266,0.000000
P,e-puck(7),-0.063396,0.066676,191.065992,0.000000
P,e-puck(7),-0.064851,0.066293,190.849560,0.000000
P,e-puck(7),-0.065834,0.066171,191.259299,0.000000
P,e-puck(7),-0.066301,0.065722,191.258031,0.000000
P,e-puck(7),-0.066713,0.065513,191.314593,0.000000
P,e-puck(7),-0.067452,0.065300,191.314354,0.000000
P,e-puck(7),-0.068365,0.065103,191.333645,0.000000
P,e-puck(7),-0.069090,0.065084,191.301043,0.000000
P,e-puck(7),-0.069021,0.065313,191.954665,0.000000
P,e-puck(7),-0.069248,0.065338,191.952003,0.000000
P,e-puck(7),-0.069308,0.065611,192.352550,0.000000
P,e-puck(7),-0.069631,0.066007,192.857395,0.000000
P,e-puck(7),-0.069025,0.066445,192.794513,0.000000
P,e-puck(7),-0.068914,0.066499,192.031367,0.000000
P,e-puck(7),-0.069021,0.066624,191.745965,0.000000
P,e-puck(7),-0.069327,0.066842,191.890522,0.000000
P,e-puck(7),-0.069631,0.066949,192.194566,0.000000
P,e-puck(7),-0.069905,0.067151,192.518967,0.000000
P,e-puck(7),-0.069989,0.067222,193.472407,0.000000
P,e-puck(7),-0.070473,0.067830,193.895878,0.000000
P,e-puck(7),-0.068733,0.067505,194.825366,0.000000
P,e-puck(7),-0.068968,0.067830,194.999139,0.000000
P,e-puck(7),-0.068717,0.068156,195.110457,0.000000
P,e-puck(7),-0.068731,0.068298,195.213538,0.000000
P,e-puck(7),-0.067618,0.068937,195.620648,0.000000
P,e-puck(7),-0.067801,0.068856,195.616527,0.000000
P,e-puck(7),-0.067420,0.068867,196.206081,0.000000
P,e-puck(7),-0.067182,0.069253,197.024663,0.000000
P,e-puck(7),-0.067719,0.069450,198.366790,0.000000
P,e-puck(7),-0.067603,0.069714,198.947809,0.000000
P,e-puck(7),-0.067750,0.069921,200.321355,0.000000
P,e-puck(7),-0.067897,0.070331,202.080093,0.000000
P,e-puck(7),-0.068477,0.070464,203.625981,0.000000
P,e-puck(7),-0.069057,0.070693,205.596994,0.000000
P,e-puck(7),-0.069567,0.071201,208.471005,0.000000
P,e-puck(7),-0.069152,0.071403,209.987187,0.000000
P,e-puck(7),-0.069998,0.071025,211.419630,0.000000
P,e-puck(7),-0.069346,0.069955,214.873054,0.000000
P,e-puck(7),-0.069558,0.070480,214.980024,0.000000
P,e-puck(7),-0.070479,0.070925,215.365245,0.000000
P,e-puck(7),-0.071320,0.071342,216.844776,0.000000
P,e-puck(7),-0.071329,0.070479,219.578418,0.000000
P,e-puck(7),-0.071007,0.071126,219.993300,0.000000
P,e-puck(7),-0.072320,0.070764,218.284238,0.000000
P,e-puck(7),-0.072853,0.071154,218.489882,0.000000
P,e-puck(7),-0.072864,0.071200,218.662851,0.000000
P,e-puck(7),-0.073353,0.070980,218.887698,0.000000
P,e-puck(7),-0.074164,0.070537,219.283039,0.000000
P,e-puck(7),-0.075155,0.069835,219.315575,0.000000
P,e-puck(7),-0.076025,0.069395,219.751514,0.000000
P,e-puck(7),-0.076716,0.069054,220.846931,0.000000
P,e-puck(7),-0.077245,0.068959,222.518087,0.000000
P,e-puck(7),-0.077906,0.068598,223.632822,0.000000
P,e-puck(7),-0.078648,0.068054,224.376349,0.000000
P,e-puck(7),-0.079222,0.067819,225.811978,0.000000
P,e-puck(7),-0.080042,0.067404,227.709302,0.000000
P,e-puck(7),-0.080220,0.067767,229.059551,0.000000
P,e-puck(7),-0.080368,0.067970,230.405803,0.000000
P,e-puck(7),-0.080174,0.068026,229.213595,0.000000
P,e-puck(7),-0.079755,0.068421,228.868446,0.000000
P,e-puck(7),-0.079515,0.068852,228.870036,0.000000
P,e-puck(7),-0.078847,0.070532,230.104504,0.000000
P,e-puck(7),-0.079604,0.069522,230.044496,0.000000
P,e-puck(7),-0.077949,0.068918,228.762530,0.000000
P,e-puck(7),-0.079036,0.070167,228.766548,0.000000
P,e-puck(7),-0.077957,0.068439,227.806711,0.000000
P,e-puck(7),-0.078603,0.069479,228.201789,0.000000
P,e-puck(7),-0.078583,0.069925,228.192512,0.000000
P,e-puck(7),-0.077135,0.069644,226.486005,0.000000
P,e-puck(7),-0.078409,0.069460,226.490627,0.000000
P,e-puck(7),-0.076682,0.069192,225.545464,0.000000
P,e-puck(7),-0.077580,0.069642,224.931646,0.000000
P,e-puck(7),-0.077179,0.069326,223.841497,0.000000
P,e-puck(7),-0.076685,0.069700,223.850301,0.000000
P,e-puck(7),-0.076777,0.070230,224.227960,0.000000
P,e-puck(7),-0.076621,0.070453,224.950512,0.000000
P,e-puck(7),-0.077652,0.070890,225.379223,0.000000
P,e-puck(7),-0.078257,0.071078,227.577609,0.000000
P,e-puck(7),-0.078327,0.071445,228.157157,0.000000
P,e-puck(7),-0.077619,0.072303,228.518356,0.000000
P,e-puck(7),-0.077131,0.072605,228.532551,0.000000
P,e-puck(7),-0.077315,0.072384,228.852910,0.000000
P,e-puck(7),-0.076796,0.072699,229.733500,0.000000
P,e-puck(7),-0.076733,0.072972,229.632014,0.000000
P,e-puck(7),-0.075542,0.072526,229.696625,0.000000
P,e-puck(7),-0.076007,0.073564,229.036904,0.000000
P,e-puck(7),-0.075106,0.073807,227.543776,0.000000
P,e-puck(7),-0.075822,0.074227,228.625384,0.000000
P,e-puck(7),-0.076212,0.075751,229.358906,0.000000
P,e-puck(7),-0.076505,0.076090,230.356860,0.000000
P,e-puck(7),-0.076419,0.076474,231.770396,0.000000
P,e-puck(7),-0.076521,0.077179,232.393153,0.000000
P,e-puck(7),-0.076146,0.077684,232.936446,0.000000
P,e-puck(7),-0.076109,0.078580,234.342864,0.000000
P,e-puck(7),-0.075330,0.079328,234.414152,0.000000
P,e-puck(7),-0.075574,0.079534,235.991253,0.000000
P,e-puck(7),-0.076035,0.079400,238.144176,0.000000
P,e-puck(7),-0.075403,0.080138,238.598405,0.000000
P,e-puck(7),-0.076075,0.080631,238.637585,0.000000
P,e-puck(7),-0.076222,0.081737,238.414274,0.000000
P,e-puck(7),-0.076363,0.082337,239.324807,0.000000
P,e-puck(7),-0.075957,0.082126,241.082989,0.000000
P,e-puck(7),-0.077014,0.082574,243.611863,0.000000
P,e-puck(7),-0.077158,0.082122,244.644960,0.000000
P,e-puck(7),-0.076344,0.082981,245.893967,0.000000
P,e-puck(7),-0.077297,0.083849,246.684115,0.000000
P,e-puck(7),-0.076670,0.084252,248.227504,0.000000
P,e-puck(7),-0.077277,0.084800,249.800286,0.000000
P,e-puck(7),-0.078176,0.085534,251.651562,0.000000
P,e-puck(7),-0.077455,0.086662,252.315676,0.000000
P,e-puck(7),-0.077576,0.087533,252.627215,0.000000
P,e-puck(7),-0.077510,0.087915,254.826815,0.000000
P,e-puck(7),-0.078020,0.088348,257.348897,0.000000
P,e-puck(7),-0.078242,0.088803,259.187203,0.000000
P,e-puck(7),-0.078461,0.089652,260.734095,0.000000
P,e-puck(7),-0.078706,0.090310,261.175497,0.000000
P,e-puck(7),-0.078151,0.090520,261.295739,0.000000
P,e-puck(7),-0.078447,0.090703,262.490434,0.000000
P,e-puck(7),-0.078880,0.091493,262.697963,0.000000
P,e-puck(7),-0.078578,0.092362,263.311831,0.000000
P,e-puck(7),-0.078779,0.093826,262.742966,0.000000
P,e-puck(7),-0.078638,0.093300,263.283217,0.000000
P,e-puck(7),-0.078404,0.094012,263.678352,0.000000
P,e-puck(7),-0.078568,0.094341,264.288066,0.000000
P,e-puck(7),-0.077801,0.092913,265.615543,0.000000
P,e-puck(7),-0.078065,0.093240,266.506737,0.000000
P,e-puck(7),-0.078015,0.093567,266.864149,0.000000
P,e-puck(7),-0.077840,0.094225,267.914150,0.000000
P,e-puck(7),-0.077917,0.094491,268.350653,0.000000
P,e-puck(7),-0.077960,0.094628,268.818488,0.000000
P,e-puck(7),-0.077960,0.093321,269.079062,0.000000
P,e-puck(7),-0.077751,0.095552,269.080779,0.000000
P,e-puck(7),-0.077885,0.095286,269.963000,0.000000
P,e-puck(7),-0.078055,0.094790,270.931988,0.000000
P,e-puck(7),-0.078488,0.094889,271.443318,0.000000
P,e-puck(7),-0.078286,0.094947,272.200700,0.000000
P,e-puck(7),-0.078256,0.095252,273.267286,0.000000
P,e-puck(7),-0.078348,0.095241,274.210574,0.000000
P,e-puck(7),-0.077901,0.094879,274.863667,0.000000
P,e-puck(7),-0.077243,0.095465,276.610615,0.000000
P,e-puck(7),-0.077957,0.095584,277.816427,0.000000
P,e-puck(7),-0.077921,0.095976,278.371976,0.000000
P,e-puck(7),-0.077939,0.094243,278.598105,0.000000
P,e-puck(7),-0.077259,0.094735,277.975530,0.000000
P,e-puck(7),-0.077143,0.094621,277.866068,0.000000
P,e-puck(7),-0.076817,0.094326,276.900217,0.000000
P,e-puck(7),-0.076100,0.094040,277.577038,0.000000
P,e-puck(7),-0.075797,0.093668,276.766660,0.000000
P,e-puck(7),-0.075663,0.093538,276.742700,0.000000
P,e-puck(7),-0.075430,0.093243,277.698339,0.000000
P,e-puck(7),-0.075617,0.092683,276.570197,0.000000
P,e-puck(7),-0.074706,0.093520,277.019704,0.000000
P,e-puck(7),-0.073745,0.093886,277.079333,0.000000
P,e-puck(7),-0.073430,0.093543,276.277161,0.000000
P,e-puck(7),-0.073175,0.092416,276.760558,0.000000
P,e-puck(7),-0.072624,0.093154,276.823490,0.000000
P,e-puck(7),-0.071686,0.092219,276.113020,0.000000
P,e-puck(7),-0.072505,0.092357,277.224182,0.000000
P,e-puck(7),-0.070786,0.091991,276.978758,0.000000
P,e-puck(7),-0.069970,0.092695,275.330060,0.000000
P,e-puck(7),-0.069016,0.092124,274.501066,0.000000
P,e-puck(7),-0.068390,0.092616,274.389194,0.000000
P,e-puck(7),-0.068222,0.092251,274.713927,0.000000
P,e-puck(7),-0.067274,0.092511,274.489840,0.000000
P,e-puck(7),-0.066495,0.092744,274.844817,0.000000
P,e-puck(7),-0.066302,0.093040,275.385985,0.000000
P,e-puck(7),-0.065755,0.093161,275.293020,0.000000
P,e-puck(7),-0.065316,0.092782,274.477234,0.000000
P,e-puck(7),-0.065422,0.092062,274.804551,0.000000
P,e-puck(7),-0.065337,0.092565,274.894756,0.000000
P,e-puck(7),-0.064560,0.091837,275.570502,0.000000
P,e-puck(7),-0.063944,0.091180,276.553663,0.000000
P,e-puck(7),-0.062995,0.090712,277.689386,0.000000
P,e-puck(7),-0.061799,0.089996,279.260851,0.000000
P,e-puck(7),-0.061200,0.089847,280.229489,0.000000
P,e-puck(7),-0.060413,0.088936,281.279670,0.000000
P,e-puck(7),-0.060120,0.090017,282.205601,0.000000
P,e-puck(7),-0.059900,0.090035,282.516061,0.000000
P,e-puck(7),-0.059463,0.089353,283.276380,0.000000
P,e-puck(7),-0.059240,0.089136,283.180427,0.000000
P,e-puck(7),-0.058305,0.089262,283.276204,0.000000
P,e-puck(7),-0.058143,0.089423,283.269865,0.000000
P,e-puck(7),-0.057782,0.089217,283.771975,0.000000
P,e-puck(7),-0.057303,0.088664,284.152532,0.000000
P,e-puck(7),-0.056751,0.087904,284.806959,0.000000
P,e-puck(7),-0.056452,0.088500,284.799764,0.000000
P,e-puck(7),-0.056393,0.089237,284.796994,0.000000
P,e-puck(7),-0.055841,0.088854,285.687102,0.000000
P,e-puck(7),-0.055429,0.088808,287.037378,0.000000
P,e-puck(7),-0.054658,0.087994,287.342343,0.000000
P,e-puck(7),-0.054745,0.088761,287.684719,0.000000
P,e-puck(7),-0.054002,0.088874,287.253729,0.000000
P,e-puck(7),-0.053693,0.088561,287.103576,0.000000
P,e-puck(7),-0.052967,0.087639,287.666918,0.000000
P,e-puck(7),-0.052670,0.087674,288.484413,0.000000
P,e-puck(7),-0.052798,0.087328,287.677930,0.000000
P,e-puck(7),-0.052154,0.087236,286.847263,0.000000
P,e-puck(7),-0.051654,0.086567,286.790667,0.000000
P,e-puck(7),-0.051165,0.085725,287.103455,0.000000
P,e-puck(7),-0.051193,0.085805,287.405261,0.000000
P,e-puck(7),-0.050538,0.086056,287.631662,0.000000
P,e-puck(7),-0.050203,0.086477,287.850480,0.000000
P,e-puck(7),-0.049874,0.086674,288.105331,0.000000
P,e-puck(7),-0.049531,0.086281,288.129486,0.000000
P,e-puck(7),-0.048972,0.085947,288.688305,0.000000
P,e-puck(7),-0.048720,0.085679,288.778571,0.000000
P,e-puck(7),-0.048361,0.085408,288.974535,0.000000
P,e-puck(7),-0.048563,0.085521,289.412099,0.000000
P,e-puck(7),-0.048082,0.085054,289.318485,0.000000
P,e-puck(7),-0.047741,0.084705,289.318025,0.000000
P,e-puck(7),-0.048017,0.084417,289.939513,0.000000
P,e-puck(7),-0.047535,0.084617,289.774959,0.000000
P,e-puck(7),-0.047058,0.084493,289.444189,0.000000
P,e-puck(7),-0.046569,0.084123,289.438112,0.000000
P,e-puck(7),-0.046149,0.083904,289.435696,0.000000
P,e-puck(7),-0.046010,0.083982,289.531291,0.000000
P,e-puck(7),-0.045576,0.084356,289.602600,0.000000
P,e-puck(7),-0.044773,0.083725,289.442936,0.000000
P,e-puck(7),-0.045969,0.082941,288.228643,0.000000
P,e-puck(7),-0.044774,0.082997,288.275116,0.000000
P,e-puck(7),-0.044613,0.082756,288.311534,0.000000
P,e-puck(7),-0.044052,0.082891,288.164555,0.000000
P,e-puck(7),-0.043700,0.082499,288.142966,0.000000
P,e-puck(7),-0.043411,0.082330,288.137637,0.000000
P,e-puck(7),-0.043066,0.082178,288.278184,0.000000
P,e-puck(7),-0.042623,0.081930,288.432632,0.000000
P,e-puck(7),-0.041817,0.081370,288.304945,0.000000
P,e-puck(7),-0.041570,0.081497,288.307390,0.000000
P,e-puck(7),-0.040976,0.081239,288.306099,0.000000
P,e-puck(7),-0.040737,0.081329,288.304969,0.000000
P,e-puck(7),-0.040533,0.081564,288.306548,0.000000
P,e-puck(7),-0.040043,0.081339,288.730760,0.000000
P,e-puck(7),-0.039922,0.081485,288.890885,0.000000
P,e-puck(7),-0.039402,0.081740,288.889452,0.000000
P,e-puck(7),-0.039110,0.082443,289.018943,0.000000
P,e-puck(7),-0.038666,0.082847,289.018024,0.000000
P,e-puck(7),-0.038234,0.082703,289.778567,0.000000
P,e-puck(7),-0.037730,0.082368,289.542766,0.000000
P,e-puck(7),-0.037288,0.082770,289.538545,0.000000
P,e-puck(7),-0.036849,0.083074,289.555785,0.000000
P,e-puck(7),-0.036414,0.082910,289.554541,0.000000
P,e-puck(7),-0.035985,0.083190,289.553499,0.000000
P,e-puck(7),-0.035495,0.082958,289.552302,0.000000
P,e-puck(7),-0.035148,0.082886,289.302707,0.000000
P,e-puck(7),-0.034521,0.082688,289.136912,0.000000
P,e-puck(7),-0.034424,0.083797,288.945845,0.000000
P,e-puck(7),-0.033718,0.083464,288.251309,0.000000
P,e-puck(7),-0.033661,0.083208,287.332427,0.000000
P,e-puck(7),-0.033139,0.083463,287.515709,0.000000
P,e-puck(7),-0.032876,0.083380,287.545452,0.000000
P,e-puck(7),-0.032628,0.084028,287.263966,0.000000
P,e-puck(7),-0.031990,0.083845,286.662121,0.000000
P,e-puck(7),-0.031566,0.084222,286.720797,0.000000
P,e-puck(7),-0.031179,0.084550,286.726295,0.000000
P,e-puck(7),-0.030709,0.085006,287.171772,0.000000
P,e-puck(7),-0.030195,0.085145,286.811870,0.000000
P,e-puck(7),-0.030023,0.084934,287.660663,0.000000
P,e-puck(7),-0.029565,0.085139,288.223337,0.000000
P,e-puck(7),-0.029198,0.084978,288.399286,0.000000
P,e-puck(7),-0.028802,0.084734,288.636412,0.000000
P,e-puck(7),-0.028271,0.085141,288.629401,0.000000
P,e-puck(7),-0.027446,0.085125,287.522071,0.000000
P,e-puck(7),-0.028337,0.084884,286.891838,0.000000
P,e-puck(7),-0.026773,0.084848,286.872260,0.000000
P,e-puck(7),-0.026283,0.085282,286.778127,0.000000
P,e-puck(7),-0.025353,0.085529,289.751529,0.000000
P,e-puck(7),-0.026082,0.084768,289.784767,0.000000
P,e-puck(7),-0.025841,0.084973,289.599400,0.000000
P,e-puck(7),-0.025468,0.085128,289.678754,0.000000
P,e-puck(7),-0.025085,0.085250,289.006855,0.000000
P,e-puck(7),-0.024601,0.085514,288.451789,0.000000
P,e-puck(7),-0.024258,0.084920,288.295823,0.000000
P,e-puck(7),-0.024231,0.084728,288.102434,0.000000
P,e-puck(7),-0.023523,0.085065,288.090450,0.000000
P,e-puck(7),-0.023257,0.084640,287.836124,0.000000
P,e-puck(7),-0.023502,0.084229,287.963510,0.000000
P,e-puck(7),-0.023069,0.084855,287.431179,0.000000
P,e-puck(7),-0.022476,0.084822,287.007035,0.000000
P,e-puck(7),-0.022846,0.084679,286.381835,0.000000
P,e-puck(7),-0.022333,0.084959,285.978130,0.000000
P,e-puck(7),-0.021977,0.085012,286.831098,0.000000
P,e-puck(7),-0.021627,0.084990,287.581670,0.000000
P,e-puck(7),-0.021657,0.085357,287.999839,0.000000
P,e-puck(7),-0.021383,0.085292,289.004670,0.000000
P,e-puck(7),-0.020993,0.084828,287.939139,0.000000
P,e-puck(7),-0.020769,0.085236,287.817665,0.000000
P,e-puck(7),-0.020512,0.085427,287.811617,0.000000
P,e-puck(7),-0.020312,0.085890,287.761594,0.000000
P,e-puck(7),-0.019349,0.085563,288.365992,0.000000
P,e-puck(7),-0.019114,0.085844,288.670213,0.000000
P,e-puck(7),-0.018893,0.085784,288.812250,0.000000
P,e-puck(7),-0.018716,0.086151,288.814210,0.000000
P,e-puck(7),-0.017768,0.085320,288.809932,0.000000
P,e-puck(7),-0.017526,0.085227,288.808111,0.000000
P,e-puck(7),-0.017287,0.085300,288.810920,0.000000
P,e-puck(7),-0.016841,0.085646,288.809739,0.000000
P,e-puck(7),-0.016298,0.085300,288.808389,0.000000
P,e-puck(7),-0.015959,0.085319,288.808364,0.000000
P,e-puck(7),-0.015584,0.085545,289.463264,0.000000
P,e-puck(7),-0.015044,0.085029,289.049741,0.000000
P,e-puck(7),-0.014965,0.085230,289.507139,0.000000
P,e-puck(7),-0.014486,0.085129,289.501940,0.000000
P,e-puck(7),-0.014082,0.085322,289.498780,0.000000
P,e-puck(7),-0.013559,0.085293,289.426832,0.000000
P,e-puck(7),-0.013424,0.084958,289.208408,0.000000
P,e-puck(7),-0.012699,0.084228,289.214804,0.000000
P,e-puck(7),-0.012840,0.084776,289.200409,0.000000
P,e-puck(7),-0.012575,0.084787,289.111501,0.000000
