P,e-puck(3),-0.276167,-0.031023,124.526710,0.000000
P,e-puck(3),-0.276179,-0.031019,124.526708,0.000000
P,e-puck(3),-0.276414,-0.030686,124.526754,0.000000
P,e-puck(3),-0.276813,-0.030112,124.526806,0.000000
P,e-puck(3),-0.277535,-0.029065,124.526882,0.000000
P,e-puck(3),-0.278265,-0.028015,124.492059,0.000000
P,e-puck(3),-0.279023,-0.026982,124.254083,0.000000
P,e-puck(3),-0.279784,-0.025955,123.931762,0.000000
P,e-puck(3),-0.280455,-0.025020,123.703769,0.000000
P,e-puck(3),-0.281114,-0.024089,123.507601,0.000000
P,e-puck(3),-0.281771,-0.023167,123.256271,0.000000
P,e-puck(3),-0.282418,-0.022427,122.406293,0.000000
P,e-puck(3),-0.282939,-0.021786,121.794289,0.000000
P,e-puck(3),-0.283496,-0.020884,121.794173,0.000000
P,e-puck(3),-0.284181,-0.019777,121.794203,0.000000
P,e-puck(3),-0.284931,-0.018709,121.322825,0.000000
P,e-puck(3),-0.285607,-0.017595,121.322844,0.000000
P,e-puck(3),-0.286266,-0.016664,120.820218,0.000000
P,e-puck(3),-0.286766,-0.015822,120.819921,0.000000
P,e-puck(3),-0.287352,-0.015039,120.190473,0.000000
P,e-puck(3),-0.287911,-0.014233,119.697709,0.000000
P,e-puck(3),-0.288479,-0.013425,119.113700,0.000000
P,e-puck(3),-0.289042,-0.012534,118.746728,0.000000
P,e-puck(3),-0.289673,-0.011606,118.073525,0.000000
P,e-puck(3),-0.290265,-0.010653,117.596022,0.000000
P,e-puck(3),-0.290834,-0.009836,116.795920,0.000000
P,e-puck(3),-0.291245,-0.009077,116.628056,0.000000
P,e-puck(3),-0.291815,-0.007956,116.571694,0.000000
P,e-puck(3),-0.292454,-0.006868,116.034409,0.000000
P,e-puck(3),-0.293013,-0.005737,115.983479,0.000000
P,e-puck(3),-0.293581,-0.004869,115.162315,0.000000
P,e-puck(3),-0.294011,-0.004470,113.783427,0.000000
P,e-puck(3),-0.294421,-0.004248,112.005537,0.000000
P,e-puck(3),-0.294737,-0.003980,110.819855,0.000000
P,e-puck(3),-0.295172,-0.003191,110.029347,0.000000
P,e-puck(3),-0.295601,-0.002256,109.502437,0.000000
P,e-puck(3),-0.296027,-0.001046,109.502589,0.000000
P,e-puck(3),-0.296457,0.000171,109.503053,0.000000
P,e-puck(3),-0.296889,0.001395,109.503568,0.000000
P,e-puck(3),-0.297324,0.002625,109.504033,0.000000
P,e-puck(3),-0.297761,0.003860,109.504414,0.000000
P,e-puck(3),-0.298199,0.005097,109.504710,0.000000
P,e-puck(3),-0.298637,0.006335,109.504934,0.000000
P,e-puck(3),-0.299075,0.007572,109.505099,0.000000
P,e-puck(3),-0.299512,0.008806,109.505218,0.000000
P,e-puck(3),-0.299948,0.010035,109.505302,0.000000
P,e-puck(3),-0.300381,0.011258,109.505355,0.000000
P,e-puck(3),-0.300811,0.012474,109.505379,0.000000
P,e-puck(3),-0.301239,0.013682,109.505380,0.000000
P,e-puck(3),-0.301678,0.014807,109.265033,0.000000
P,e-puck(3),-0.302085,0.015604,108.504104,0.000000
P,e-puck(3),-0.302441,0.016414,107.996199,0.000000
P,e-puck(3),-0.302777,0.017453,107.995888,0.000000
P,e-puck(3),-0.303180,0.018694,107.995759,0.000000
P,e-puck(3),-0.303633,0.019923,107.669225,0.000000
P,e-puck(3),-0.304095,0.020823,106.617817,0.000000
P,e-puck(3),-0.304402,0.021448,105.886028,0.000000
P,e-puck(3),-0.304711,0.022251,105.397761,0.000000
P,e-puck(3),-0.305049,0.023486,105.397431,0.000000
P,e-puck(3),-0.305484,0.024694,104.774887,0.000000
P,e-puck(3),-0.305803,0.025914,104.774745,0.000000
P,e-puck(3),-0.306145,0.026804,104.122076,0.000000
P,e-puck(3),-0.306441,0.027703,103.686375,0.000000
P,e-puck(3),-0.306703,0.028785,103.686312,0.000000
P,e-puck(3),-0.307096,0.030004,103.095637,0.000000
P,e-puck(3),-0.307382,0.031242,103.095497,0.000000
P,e-puck(3),-0.307708,0.032042,102.237676,0.000000
P,e-puck(3),-0.308053,0.032551,100.807759,0.000000
P,e-puck(3),-0.308412,0.032872,98.996098,0.000000
P,e-puck(3),-0.308703,0.033209,97.545740,0.000000
P,e-puck(3),-0.308960,0.033744,96.405435,0.000000
P,e-puck(3),-0.309184,0.034653,95.646544,0.000000
P,e-puck(3),-0.309490,0.035570,94.305974,0.000000
P,e-puck(3),-0.309800,0.035957,92.554488,0.000000
P,e-puck(3),-0.310139,0.036216,90.528516,0.000000
P,e-puck(3),-0.310398,0.036483,88.948214,0.000000
P,e-puck(3),-0.310566,0.037027,87.847028,0.000000
P,e-puck(3),-0.310641,0.038015,87.143473,0.000000
P,e-puck(3),-0.310661,0.039099,86.675579,0.000000
P,e-puck(3),-0.310582,0.040402,86.676215,0.000000
P,e-puck(3),-0.310505,0.041716,86.677058,0.000000
P,e-puck(3),-0.310427,0.043037,86.677851,0.000000
P,e-puck(3),-0.310349,0.044363,86.678519,0.000000
P,e-puck(3),-0.310271,0.045692,86.679045,0.000000
P,e-puck(3),-0.310346,0.046766,85.821715,0.000000
P,e-puck(3),-0.310382,0.047578,85.222537,0.000000
P,e-puck(3),-0.310292,0.048629,85.222270,0.000000
P,e-puck(3),-0.310183,0.049927,85.222350,0.000000
P,e-puck(3),-0.310073,0.051234,85.222558,0.000000
P,e-puck(3),-0.309963,0.052547,85.222789,0.000000
P,e-puck(3),-0.309852,0.053865,85.222998,0.000000
P,e-puck(3),-0.309742,0.055184,85.223172,0.000000
P,e-puck(3),-0.309632,0.056502,85.223306,0.000000
P,e-puck(3),-0.309522,0.057816,85.223407,0.000000
P,e-puck(3),-0.309412,0.059125,85.223480,0.000000
P,e-puck(3),-0.309462,0.060170,84.365895,0.000000
P,e-puck(3),-0.309477,0.060943,83.792444,0.000000
P,e-puck(3),-0.309364,0.061969,83.792021,0.000000
P,e-puck(3),-0.309359,0.063265,82.933550,0.000000
P,e-puck(3),-0.309521,0.063814,81.502516,0.000000
P,e-puck(3),-0.309758,0.064207,79.687363,0.000000
P,e-puck(3),-0.310045,0.064505,77.616516,0.000000
P,e-puck(3),-0.310457,0.064598,75.035416,0.000000
P,e-puck(3),-0.310868,0.064701,72.452845,0.000000
P,e-puck(3),-0.311155,0.064784,70.652241,0.000000
P,e-puck(3),-0.311080,0.065540,69.453645,0.000000
P,e-puck(3),-0.310874,0.066449,68.669294,0.000000
P,e-puck(3),-0.310567,0.067458,68.160883,0.000000
P,e-puck(3),-0.310083,0.068658,68.162243,0.000000
P,e-puck(3),-0.309597,0.069867,68.163478,0.000000
P,e-puck(3),-0.309109,0.071083,68.164501,0.000000
P,e-puck(3),-0.308618,0.072305,68.165302,0.000000
P,e-puck(3),-0.308127,0.073531,68.165899,0.000000
P,e-puck(3),-0.307635,0.074757,68.166326,0.000000
P,e-puck(3),-0.307144,0.075982,68.166621,0.000000
P,e-puck(3),-0.306655,0.077204,68.166815,0.000000
P,e-puck(3),-0.306167,0.078420,68.166941,0.000000
P,e-puck(3),-0.305687,0.079618,68.167037,0.000000
P,e-puck(3),-0.305215,0.080797,68.167122,0.000000
P,e-puck(3),-0.304745,0.081970,68.167192,0.000000
P,e-puck(3),-0.304278,0.083136,68.167249,0.000000
P,e-puck(3),-0.303812,0.084297,68.167293,0.000000
P,e-puck(3),-0.303348,0.085455,68.167324,0.000000
P,e-puck(3),-0.302885,0.086611,68.167341,0.000000
P,e-puck(3),-0.302422,0.087768,68.167345,0.000000
P,e-puck(3),-0.301957,0.088927,68.167339,0.000000
P,e-puck(3),-0.301580,0.090115,67.591061,0.000000
P,e-puck(3),-0.301434,0.090888,66.594139,0.000000
P,e-puck(3),-0.301227,0.091632,65.929039,0.000000
P,e-puck(3),-0.301108,0.092409,64.627194,0.000000
P,e-puck(3),-0.300908,0.093153,63.758556,0.000000
P,e-puck(3),-0.300718,0.093902,62.752044,0.000000
P,e-puck(3),-0.300591,0.094681,61.222150,0.000000
P,e-puck(3),-0.300375,0.095409,60.201700,0.000000
P,e-puck(3),-0.300101,0.096102,59.521575,0.000000
P,e-puck(3),-0.299701,0.096920,59.067872,0.000000
P,e-puck(3),-0.299032,0.098033,59.068052,0.000000
P,e-puck(3),-0.298358,0.099155,59.068565,0.000000
P,e-puck(3),-0.297680,0.100283,59.069141,0.000000
P,e-puck(3),-0.297000,0.101416,59.069662,0.000000
P,e-puck(3),-0.296319,0.102552,59.070082,0.000000
P,e-puck(3),-0.295639,0.103688,59.070394,0.000000
P,e-puck(3),-0.294959,0.104821,59.070609,0.000000
P,e-puck(3),-0.294283,0.105949,59.070749,0.000000
P,e-puck(3),-0.293610,0.107071,59.070838,0.000000
P,e-puck(3),-0.293249,0.107909,58.316943,0.000000
P,e-puck(3),-0.292844,0.108717,57.814017,0.000000
P,e-puck(3),-0.292284,0.109633,57.724999,0.000000
P,e-puck(3),-0.291594,0.110723,57.724899,0.000000
P,e-puck(3),-0.290900,0.111820,57.725005,0.000000
P,e-puck(3),-0.290204,0.112922,57.725183,0.000000
P,e-puck(3),-0.289504,0.114029,57.725368,0.000000
P,e-puck(3),-0.288804,0.115138,57.725528,0.000000
P,e-puck(3),-0.288102,0.116249,57.725651,0.000000
P,e-puck(3),-0.287401,0.117358,57.725738,0.000000
P,e-puck(3),-0.286702,0.118466,57.725792,0.000000
P,e-puck(3),-0.286143,0.119491,57.253079,0.000000
P,e-puck(3),-0.285932,0.120167,56.079423,0.000000
P,e-puck(3),-0.285896,0.120695,54.437803,0.000000
P,e-puck(3),-0.285833,0.121205,52.915843,0.000000
P,e-puck(3),-0.285790,0.121730,51.168197,0.000000
P,e-puck(3),-0.285808,0.122217,49.196787,0.000000
P,e-puck(3),-0.286126,0.122493,46.617925,0.000000
P,e-puck(3),-0.286332,0.122690,44.898013,0.000000
P,e-puck(3),-0.285920,0.123366,43.752672,0.000000
P,e-puck(3),-0.285325,0.124105,42.989774,0.000000
P,e-puck(3),-0.284611,0.124881,42.481561,0.000000
P,e-puck(3),-0.283656,0.125752,42.482632,0.000000
P,e-puck(3),-0.282695,0.126630,42.483705,0.000000
P,e-puck(3),-0.281729,0.127514,42.484634,0.000000
P,e-puck(3),-0.280759,0.128402,42.485381,0.000000
P,e-puck(3),-0.279786,0.129292,42.485949,0.000000
P,e-puck(3),-0.278812,0.130183,42.486360,0.000000
P,e-puck(3),-0.277839,0.131074,42.486644,0.000000
P,e-puck(3),-0.276869,0.131963,42.486829,0.000000
P,e-puck(3),-0.275902,0.132847,42.486947,0.000000
P,e-puck(3),-0.274950,0.133720,42.487040,0.000000
P,e-puck(3),-0.274010,0.134580,42.487131,0.000000
P,e-puck(3),-0.273077,0.135435,42.487210,0.000000
P,e-puck(3),-0.272149,0.136285,42.487280,0.000000
P,e-puck(3),-0.271225,0.137132,42.487338,0.000000
P,e-puck(3),-0.270303,0.137975,42.487382,0.000000
P,e-puck(3),-0.269384,0.138818,42.487410,0.000000
P,e-puck(3),-0.268465,0.139660,42.487422,0.000000
P,e-puck(3),-0.267544,0.140503,42.487419,0.000000
P,e-puck(3),-0.266621,0.141348,42.487406,0.000000
P,e-puck(3),-0.265694,0.142197,42.487389,0.000000
P,e-puck(3),-0.264763,0.143050,42.487376,0.000000
P,e-puck(3),-0.263822,0.143912,42.487380,0.000000
P,e-puck(3),-0.262872,0.144782,42.487402,0.000000
P,e-puck(3),-0.261917,0.145656,42.487434,0.000000
P,e-puck(3),-0.260958,0.146535,42.487469,0.000000
P,e-puck(3),-0.260047,0.147464,42.052549,0.000000
P,e-puck(3),-0.259643,0.148076,40.904870,0.000000
P,e-puck(3),-0.259457,0.148583,39.281535,0.000000
P,e-puck(3),-0.259294,0.149071,37.579344,0.000000
P,e-puck(3),-0.259082,0.149502,36.266802,0.000000
P,e-puck(3),-0.258719,0.149999,35.119562,0.000000
P,e-puck(3),-0.258032,0.150632,34.354939,0.000000
P,e-puck(3),-0.257217,0.151286,33.845354,0.000000
P,e-puck(3),-0.256147,0.152002,33.845652,0.000000
P,e-puck(3),-0.255069,0.152722,33.846245,0.000000
P,e-puck(3),-0.253986,0.153447,33.846878,0.000000
P,e-puck(3),-0.252898,0.154176,33.847445,0.000000
P,e-puck(3),-0.251808,0.154907,33.847905,0.000000
P,e-puck(3),-0.250994,0.155617,32.990439,0.000000
P,e-puck(3),-0.250607,0.156124,31.656006,0.000000
P,e-puck(3),-0.250410,0.156576,29.908196,0.000000
P,e-puck(3),-0.250337,0.156996,27.884403,0.000000
P,e-puck(3),-0.250205,0.157327,26.471493,0.000000
P,e-puck(3),-0.249535,0.157830,25.529037,0.000000
P,e-puck(3),-0.248679,0.158345,24.929720,0.000000
P,e-puck(3),-0.247512,0.158884,24.930172,0.000000
P,e-puck(3),-0.246338,0.159428,24.930871,0.000000
P,e-puck(3),-0.245157,0.159976,24.931572,0.000000
P,e-puck(3),-0.243970,0.160527,24.932181,0.000000
P,e-puck(3),-0.242780,0.161079,24.932667,0.000000
P,e-puck(3),-0.241588,0.161633,24.933031,0.000000
P,e-puck(3),-0.240396,0.162187,24.933289,0.000000
P,e-puck(3),-0.239205,0.162741,24.933461,0.000000
P,e-puck(3),-0.238018,0.163292,24.933567,0.000000
P,e-puck(3),-0.236836,0.163842,24.933629,0.000000
P,e-puck(3),-0.235661,0.164388,24.933662,0.000000
P,e-puck(3),-0.234493,0.164931,24.933681,0.000000
P,e-puck(3),-0.233335,0.165469,24.933698,0.000000
P,e-puck(3),-0.232185,0.166004,24.933713,0.000000
P,e-puck(3),-0.231042,0.166535,24.933727,0.000000
P,e-puck(3),-0.229905,0.167064,24.933737,0.000000
P,e-puck(3),-0.228772,0.167590,24.933738,0.000000
P,e-puck(3),-0.227642,0.168116,24.933729,0.000000
P,e-puck(3),-0.226514,0.168640,24.933707,0.000000
P,e-puck(3),-0.225385,0.169165,24.933672,0.000000
P,e-puck(3),-0.224253,0.169691,24.933628,0.000000
P,e-puck(3),-0.223117,0.170220,24.933579,0.000000
P,e-puck(3),-0.221975,0.170751,24.933532,0.000000
P,e-puck(3),-0.220810,0.171292,24.933515,0.000000
P,e-puck(3),-0.219648,0.171856,24.797545,0.000000
P,e-puck(3),-0.218767,0.172431,23.848750,0.000000
P,e-puck(3),-0.218083,0.172843,23.215909,0.000000
P,e-puck(3),-0.217109,0.173259,23.215224,0.000000
P,e-puck(3),-0.215889,0.173781,23.215190,0.000000
P,e-puck(3),-0.214660,0.174308,23.215339,0.000000
P,e-puck(3),-0.213426,0.174837,23.215530,0.000000
P,e-puck(3),-0.212189,0.175367,23.215693,0.000000
P,e-puck(3),-0.210954,0.175896,23.215798,0.000000
P,e-puck(3),-0.209723,0.176424,23.215844,0.000000
P,e-puck(3),-0.208549,0.176928,23.215922,0.000000
P,e-puck(3),-0.207383,0.177428,23.215986,0.000000
P,e-puck(3),-0.206224,0.177925,23.216038,0.000000
P,e-puck(3),-0.205071,0.178419,23.216079,0.000000
P,e-puck(3),-0.203923,0.178912,23.216106,0.000000
P,e-puck(3),-0.202778,0.179403,23.216121,0.000000
P,e-puck(3),-0.201634,0.179894,23.216122,0.000000
P,e-puck(3),-0.200489,0.180385,23.216110,0.000000
P,e-puck(3),-0.199341,0.180877,23.216089,0.000000
P,e-puck(3),-0.198190,0.181371,23.216064,0.000000
P,e-puck(3),-0.197032,0.181868,23.216040,0.000000
P,e-puck(3),-0.195853,0.182373,23.216044,0.000000
P,e-puck(3),-0.194667,0.182882,23.216056,0.000000
P,e-puck(3),-0.193475,0.183394,23.216076,0.000000
P,e-puck(3),-0.192277,0.183907,23.216098,0.000000
P,e-puck(3),-0.191075,0.184423,23.216118,0.000000
P,e-puck(3),-0.189871,0.184939,23.216134,0.000000
P,e-puck(3),-0.188666,0.185456,23.216144,0.000000
P,e-puck(3),-0.187462,0.185973,23.216146,0.000000
P,e-puck(3),-0.186260,0.186488,23.216144,0.000000
P,e-puck(3),-0.185062,0.187002,23.216139,0.000000
P,e-puck(3),-0.183870,0.187514,23.216136,0.000000
P,e-puck(3),-0.182684,0.188022,23.216139,0.000000
P,e-puck(3),-0.181504,0.188528,23.216150,0.000000
P,e-puck(3),-0.180331,0.189031,23.216170,0.000000
P,e-puck(3),-0.179166,0.189531,23.216197,0.000000
P,e-puck(3),-0.178006,0.190029,23.216230,0.000000
P,e-puck(3),-0.176852,0.190524,23.216264,0.000000
P,e-puck(3),-0.175701,0.191017,23.216296,0.000000
P,e-puck(3),-0.174553,0.191510,23.216323,0.000000
P,e-puck(3),-0.173406,0.192002,23.216343,0.000000
P,e-puck(3),-0.172258,0.192494,23.216356,0.000000
P,e-puck(3),-0.171107,0.192988,23.216364,0.000000
P,e-puck(3),-0.169952,0.193483,23.216370,0.000000
P,e-puck(3),-0.168792,0.193981,23.216378,0.000000
P,e-puck(3),-0.167621,0.194483,23.216397,0.000000
P,e-puck(3),-0.166440,0.194990,23.216429,0.000000
P,e-puck(3),-0.165252,0.195500,23.216466,0.000000
P,e-puck(3),-0.164058,0.196012,23.216507,0.000000
P,e-puck(3),-0.162860,0.196526,23.216548,0.000000
P,e-puck(3),-0.161659,0.197041,23.216585,0.000000
P,e-puck(3),-0.160456,0.197557,23.216616,0.000000
P,e-puck(3),-0.159253,0.198073,23.216639,0.000000
P,e-puck(3),-0.158051,0.198588,23.216654,0.000000
P,e-puck(3),-0.156852,0.199103,23.216664,0.000000
P,e-puck(3),-0.155657,0.199615,23.216672,0.000000
P,e-puck(3),-0.154468,0.200125,23.216680,0.000000
P,e-puck(3),-0.153285,0.200633,23.216692,0.000000
P,e-puck(3),-0.152108,0.201138,23.216709,0.000000
P,e-puck(3),-0.150937,0.201640,23.216731,0.000000
P,e-puck(3),-0.149773,0.202139,23.216758,0.000000
P,e-puck(3),-0.148614,0.202636,23.216785,0.000000
P,e-puck(3),-0.147459,0.203132,23.216811,0.000000
P,e-puck(3),-0.146307,0.203626,23.216830,0.000000
P,e-puck(3),-0.145157,0.204119,23.216842,0.000000
P,e-puck(3),-0.144007,0.204612,23.216846,0.000000
P,e-puck(3),-0.143100,0.205151,22.358993,0.000000
P,e-puck(3),-0.142666,0.205578,20.929126,0.000000
P,e-puck(3),-0.142417,0.205987,19.117502,0.000000
P,e-puck(3),-0.142285,0.206387,17.051037,0.000000
P,e-puck(3),-0.142401,0.206793,14.475130,0.000000
P,e-puck(3),-0.142506,0.207203,11.898349,0.000000
P,e-puck(3),-0.142600,0.207617,9.321606,0.000000
P,e-puck(3),-0.142683,0.208034,6.745265,0.000000
P,e-puck(3),-0.142751,0.208455,4.169427,0.000000
P,e-puck(3),-0.142805,0.208880,1.594070,0.000000
P,e-puck(3),-0.142842,0.209306,359.019128,0.000000
P,e-puck(3),-0.142859,0.209734,356.444495,0.000000
P,e-puck(3),-0.142854,0.210165,353.856599,0.000000
P,e-puck(3),-0.142825,0.210600,351.261080,0.000000
P,e-puck(3),-0.142758,0.211028,348.671121,0.000000
P,e-puck(3),-0.142651,0.211449,346.084347,0.000000
P,e-puck(3),-0.142519,0.211862,343.499755,0.000000
P,e-puck(3),-0.142363,0.212266,340.916694,0.000000
P,e-puck(3),-0.142185,0.212661,338.334758,0.000000
P,e-puck(3),-0.141987,0.213045,335.753681,0.000000
P,e-puck(3),-0.141771,0.213418,333.173281,0.000000
P,e-puck(3),-0.141539,0.213780,330.593430,0.000000
P,e-puck(3),-0.141294,0.214132,328.014031,0.000000
P,e-puck(3),-0.141037,0.214474,325.435008,0.000000
P,e-puck(3),-0.140769,0.214806,322.856302,0.000000
P,e-puck(3),-0.140493,0.215131,320.277864,0.000000
P,e-puck(3),-0.140208,0.215447,317.699657,0.000000
P,e-puck(3),-0.139915,0.215755,315.121653,0.000000
P,e-puck(3),-0.139613,0.216055,312.543832,0.000000
P,e-puck(3),-0.139303,0.216347,309.966183,0.000000
P,e-puck(3),-0.138984,0.216630,307.388701,0.000000
P,e-puck(3),-0.138655,0.216903,304.811382,0.000000
P,e-puck(3),-0.138315,0.217164,302.234225,0.000000
P,e-puck(3),-0.137963,0.217411,299.657229,0.000000
P,e-puck(3),-0.137602,0.217640,297.080388,0.000000
P,e-puck(3),-0.137230,0.217851,294.503695,0.000000
P,e-puck(3),-0.136846,0.218042,291.927147,0.000000
P,e-puck(3),-0.136451,0.218211,289.350741,0.000000
P,e-puck(3),-0.136047,0.218355,286.774476,0.000000
P,e-puck(3),-0.135671,0.218317,284.675722,0.000000
P,e-puck(3),-0.135291,0.217771,283.278889,0.000000
P,e-puck(3),-0.134952,0.216988,282.349051,0.000000
P,e-puck(3),-0.134644,0.216047,281.729758,0.000000
P,e-puck(3),-0.134385,0.214787,281.732558,0.000000
P,e-puck(3),-0.134040,0.213544,281.188312,0.000000
P,e-puck(3),-0.133722,0.212881,280.041651,0.000000
P,e-puck(3),-0.133383,0.212458,278.418422,0.000000
P,e-puck(3),-0.133026,0.212188,276.477180,0.000000
P,e-puck(3),-0.132607,0.212225,273.900159,0.000000
P,e-puck(3),-0.132186,0.212251,271.322083,0.000000
P,e-puck(3),-0.131763,0.212264,268.744035,0.000000
P,e-puck(3),-0.131338,0.212265,266.166450,0.000000
P,e-puck(3),-0.130912,0.212251,263.589477,0.000000
P,e-puck(3),-0.130485,0.212222,261.003723,0.000000
P,e-puck(3),-0.130059,0.212176,258.411537,0.000000
P,e-puck(3),-0.129636,0.212112,255.822601,0.000000
P,e-puck(3),-0.129215,0.212029,253.236117,0.000000
P,e-puck(3),-0.128799,0.211924,250.651507,0.000000
P,e-puck(3),-0.128389,0.211798,248.068366,0.000000
P,e-puck(3),-0.127986,0.211648,245.486403,0.000000
P,e-puck(3),-0.127593,0.211475,242.905412,0.000000
P,e-puck(3),-0.127211,0.211279,240.325243,0.000000
P,e-puck(3),-0.126842,0.211060,237.745781,0.000000
P,e-puck(3),-0.126488,0.210818,235.166941,0.000000
P,e-puck(3),-0.126148,0.210556,232.588652,0.000000
P,e-puck(3),-0.125935,0.210366,230.872271,0.000000
P,e-puck(3),-0.125804,0.210228,229.730316,0.000000
P,e-puck(3),-0.125821,0.210210,229.735813,0.000000
P,e-puck(3),-0.125839,0.210190,229.739361,0.000000
P,e-puck(3),-0.125856,0.210170,229.741616,0.000000
P,e-puck(3),-0.125872,0.210152,229.743053,0.000000
P,e-puck(3),-0.125886,0.210135,229.743967,0.000000
P,e-puck(3),-0.125897,0.210123,229.744547,0.000000
P,e-puck(3),-0.125914,0.210103,229.744407,0.000000
P,e-puck(3),-0.126417,0.209509,229.744866,0.000000
P,e-puck(3),-0.127271,0.208500,229.745127,0.000000
P,e-puck(3),-0.128133,0.207482,229.745337,0.000000
P,e-puck(3),-0.129000,0.206458,229.745490,0.000000
P,e-puck(3),-0.129871,0.205429,229.745579,0.000000
P,e-puck(3),-0.130742,0.204401,229.745600,0.000000
P,e-puck(3),-0.131611,0.203374,229.745563,0.000000
P,e-puck(3),-0.132456,0.202376,229.745544,0.000000
P,e-puck(3),-0.133275,0.201408,229.745586,0.000000
P,e-puck(3),-0.134090,0.200446,229.745636,0.000000
P,e-puck(3),-0.134899,0.199490,229.745689,0.000000
P,e-puck(3),-0.135706,0.198537,229.745738,0.000000
P,e-puck(3),-0.136510,0.197588,229.745775,0.000000
P,e-puck(3),-0.137313,0.196639,229.745799,0.000000
P,e-puck(3),-0.138117,0.195690,229.745807,0.000000
P,e-puck(3),-0.138922,0.194739,229.745802,0.000000
P,e-puck(3),-0.139730,0.193785,229.745792,0.000000
P,e-puck(3),-0.140542,0.192825,229.745783,0.000000
P,e-puck(3),-0.141373,0.191844,229.745820,0.000000
P,e-puck(3),-0.142208,0.190858,229.745867,0.000000
P,e-puck(3),-0.143047,0.189867,229.745921,0.000000
P,e-puck(3),-0.143889,0.188872,229.745977,0.000000
P,e-puck(3),-0.144734,0.187874,229.746029,0.000000
P,e-puck(3),-0.145580,0.186875,229.746072,0.000000
P,e-puck(3),-0.146164,0.185973,228.887902,0.000000
P,e-puck(3),-0.146275,0.185589,227.841031,0.000000
P,e-puck(3),-0.146066,0.185650,227.143192,0.000000
P,e-puck(3),-0.145635,0.186001,226.677974,0.000000
P,e-puck(3),-0.144899,0.186618,226.012379,0.000000
P,e-puck(3),-0.144006,0.187541,226.012020,0.000000
P,e-puck(3),-0.143108,0.188470,226.011945,0.000000
P,e-puck(3),-0.142206,0.189404,226.011990,0.000000
P,e-puck(3),-0.141300,0.190343,226.012079,0.000000
P,e-puck(3),-0.140392,0.191284,226.012170,0.000000
P,e-puck(3),-0.139481,0.192227,226.012245,0.000000
P,e-puck(3),-0.138569,0.193172,226.012296,0.000000
P,e-puck(3),-0.137728,0.193831,225.153876,0.000000
P,e-puck(3),-0.137177,0.194037,223.723507,0.000000
P,e-puck(3),-0.136707,0.194060,221.911093,0.000000
P,e-puck(3),-0.136298,0.193956,219.843660,0.000000
P,e-puck(3),-0.136032,0.193613,217.266637,0.000000
P,e-puck(3),-0.135787,0.193255,214.688642,0.000000
P,e-puck(3),-0.135565,0.192883,212.110729,0.000000
P,e-puck(3),-0.135364,0.192500,209.533331,0.000000
P,e-puck(3),-0.135185,0.192107,206.956583,0.000000
P,e-puck(3),-0.135026,0.191706,204.380482,0.000000
P,e-puck(3),-0.134887,0.191299,201.804967,0.000000
P,e-puck(3),-0.134765,0.190888,199.229960,0.000000
P,e-puck(3),-0.134661,0.190473,196.655387,0.000000
P,e-puck(3),-0.134571,0.190055,194.081187,0.000000
P,e-puck(3),-0.134494,0.189636,191.507306,0.000000
P,e-puck(3),-0.134207,0.189391,189.711634,0.000000
P,e-puck(3),-0.133459,0.189317,188.516785,0.000000
P,e-puck(3),-0.132539,0.189318,187.721315,0.000000
P,e-puck(3),-0.131504,0.189366,187.191526,0.000000
P,e-puck(3),-0.130220,0.189526,187.193886,0.000000
P,e-puck(3),-0.128928,0.189688,187.195805,0.000000
P,e-puck(3),-0.127628,0.189852,187.197260,0.000000
P,e-puck(3),-0.126322,0.190016,187.198330,0.000000
P,e-puck(3),-0.125013,0.190182,187.199099,0.000000
P,e-puck(3),-0.123703,0.190347,187.199640,0.000000
P,e-puck(3),-0.122395,0.190512,187.200010,0.000000
P,e-puck(3),-0.121091,0.190677,187.200258,0.000000
P,e-puck(3),-0.119794,0.190840,187.200419,0.000000
P,e-puck(3),-0.118504,0.191003,187.200525,0.000000
P,e-puck(3),-0.117239,0.191163,187.200604,0.000000
P,e-puck(3),-0.115984,0.191322,187.200661,0.000000
P,e-puck(3),-0.114736,0.191479,187.200702,0.000000
P,e-puck(3),-0.113494,0.191636,187.200732,0.000000
P,e-puck(3),-0.112258,0.191793,187.200753,0.000000
P,e-puck(3),-0.111024,0.191948,187.200766,0.000000
P,e-puck(3),-0.109792,0.192104,187.200773,0.000000
P,e-puck(3),-0.108556,0.192228,187.017001,0.000000
P,e-puck(3),-0.107551,0.192182,186.036862,0.000000
P,e-puck(3),-0.107036,0.191977,184.525597,0.000000
P,e-puck(3),-0.106685,0.191686,182.659889,0.000000
P,e-puck(3),-0.106453,0.191341,180.557669,0.000000
P,e-puck(3),-0.106464,0.190908,177.982636,0.000000
P,e-puck(3),-0.106503,0.190476,175.393032,0.000000
P,e-puck(3),-0.106568,0.190047,172.793995,0.000000
P,e-puck(3),-0.106658,0.189623,170.201011,0.000000
P,e-puck(3),-0.106770,0.189204,167.612018,0.000000
P,e-puck(3),-0.106645,0.188868,165.811784,0.000000
P,e-puck(3),-0.106030,0.188504,164.613774,0.000000
P,e-puck(3),-0.105214,0.188138,163.816370,0.000000
P,e-puck(3),-0.104250,0.187766,163.308130,0.000000
P,e-puck(3),-0.103024,0.187397,163.310125,0.000000
P,e-puck(3),-0.101789,0.187025,163.311729,0.000000
P,e-puck(3),-0.100546,0.186652,163.312954,0.000000
P,e-puck(3),-0.099297,0.186277,163.313858,0.000000
P,e-puck(3),-0.098043,0.185901,163.314511,0.000000
P,e-puck(3),-0.096786,0.185524,163.314977,0.000000
P,e-puck(3),-0.095528,0.185147,163.315308,0.000000
P,e-puck(3),-0.094271,0.184770,163.315545,0.000000
P,e-puck(3),-0.093016,0.184394,163.315714,0.000000
P,e-puck(3),-0.091765,0.184019,163.315835,0.000000
P,e-puck(3),-0.090521,0.183646,163.315920,0.000000
P,e-puck(3),-0.089283,0.183275,163.315977,0.000000
P,e-puck(3),-0.088059,0.182908,163.316004,0.000000
P,e-puck(3),-0.086843,0.182544,163.316015,0.000000
P,e-puck(3),-0.085634,0.182182,163.316013,0.000000
P,e-puck(3),-0.084431,0.181821,163.316005,0.000000
P,e-puck(3),-0.083233,0.181462,163.315997,0.000000
P,e-puck(3),-0.082037,0.181103,163.315991,0.000000
P,e-puck(3),-0.080843,0.180745,163.315991,0.000000
P,e-puck(3),-0.079648,0.180387,163.315998,0.000000
P,e-puck(3),-0.078690,0.179947,162.457714,0.000000
P,e-puck(3),-0.078228,0.179545,161.026800,0.000000
P,e-puck(3),-0.077977,0.179132,159.213173,0.000000
P,e-puck(3),-0.077872,0.178717,157.143668,0.000000
P,e-puck(3),-0.078049,0.178322,154.563577,0.000000
P,e-puck(3),-0.078251,0.177938,151.981801,0.000000
P,e-puck(3),-0.078390,0.177689,150.261036,0.000000
P,e-puck(3),-0.077832,0.177144,149.092417,0.000000
P,e-puck(3),-0.077088,0.176546,148.328959,0.000000
P,e-puck(3),-0.076237,0.175918,147.820433,0.000000
P,e-puck(3),-0.075143,0.175227,147.821672,0.000000
P,e-puck(3),-0.074040,0.174532,147.822794,0.000000
P,e-puck(3),-0.072930,0.173833,147.823709,0.000000
P,e-puck(3),-0.071815,0.173131,147.824419,0.000000
P,e-puck(3),-0.070698,0.172428,147.824959,0.000000
P,e-puck(3),-0.069580,0.171724,147.825368,0.000000
P,e-puck(3),-0.068463,0.171021,147.825679,0.000000
P,e-puck(3),-0.067350,0.170321,147.825917,0.000000
P,e-puck(3),-0.066243,0.169624,147.826096,0.000000
P,e-puck(3),-0.065150,0.168937,147.826213,0.000000
P,e-puck(3),-0.064074,0.168260,147.826271,0.000000
P,e-puck(3),-0.063005,0.167587,147.826298,0.000000
P,e-puck(3),-0.061942,0.166919,147.826306,0.000000
P,e-puck(3),-0.060884,0.166253,147.826308,0.000000
P,e-puck(3),-0.059829,0.165590,147.826312,0.000000
P,e-puck(3),-0.058777,0.164928,147.826325,0.000000
P,e-puck(3),-0.057725,0.164266,147.826350,0.000000
P,e-puck(3),-0.056671,0.163603,147.826388,0.000000
P,e-puck(3),-0.055613,0.162937,147.826432,0.000000
P,e-puck(3),-0.054550,0.162269,147.826476,0.000000
P,e-puck(3),-0.053462,0.161585,147.826479,0.000000
P,e-puck(3),-0.052460,0.160779,146.968360,0.000000
P,e-puck(3),-0.052170,0.160296,145.537112,0.000000
P,e-puck(3),-0.052069,0.159852,143.723480,0.000000
P,e-puck(3),-0.052097,0.159438,141.654562,0.000000
P,e-puck(3),-0.052383,0.159112,139.075544,0.000000
P,e-puck(3),-0.052689,0.158806,136.495354,0.000000
P,e-puck(3),-0.053013,0.158521,133.915122,0.000000
P,e-puck(3),-0.053352,0.158256,131.335361,0.000000
P,e-puck(3),-0.053437,0.157917,129.617649,0.000000
P,e-puck(3),-0.053124,0.157239,128.474207,0.000000
P,e-puck(3),-0.052660,0.156448,127.712886,0.000000
P,e-puck(3),-0.052098,0.155578,127.205825,0.000000
P,e-puck(3),-0.051325,0.154556,127.207668,0.000000
P,e-puck(3),-0.050545,0.153528,127.209173,0.000000
P,e-puck(3),-0.049761,0.152495,127.210331,0.000000
P,e-puck(3),-0.048973,0.151456,127.211194,0.000000
P,e-puck(3),-0.048182,0.150414,127.211828,0.000000
P,e-puck(3),-0.047389,0.149369,127.212291,0.000000
P,e-puck(3),-0.046595,0.148324,127.212632,0.000000
P,e-puck(3),-0.045803,0.147280,127.212888,0.000000
P,e-puck(3),-0.045012,0.146239,127.213083,0.000000
P,e-puck(3),-0.044224,0.145201,127.213233,0.000000
P,e-puck(3),-0.043440,0.144168,127.213347,0.000000
P,e-puck(3),-0.042660,0.143141,127.213430,0.000000
P,e-puck(3),-0.041885,0.142121,127.213487,0.000000
P,e-puck(3),-0.041114,0.141106,127.213521,0.000000
P,e-puck(3),-0.040349,0.140098,127.213540,0.000000
P,e-puck(3),-0.039587,0.139095,127.213548,0.000000
P,e-puck(3),-0.038829,0.138096,127.213554,0.000000
P,e-puck(3),-0.038073,0.137101,127.213563,0.000000
P,e-puck(3),-0.037318,0.136107,127.213582,0.000000
P,e-puck(3),-0.036563,0.135114,127.213610,0.000000
P,e-puck(3),-0.035808,0.134119,127.213648,0.000000
P,e-puck(3),-0.035050,0.133121,127.213691,0.000000
P,e-puck(3),-0.034289,0.132119,127.213734,0.000000
P,e-puck(3),-0.033596,0.131069,126.729698,0.000000
P,e-puck(3),-0.033105,0.130162,125.874159,0.000000
P,e-puck(3),-0.033003,0.129603,124.445437,0.000000
P,e-puck(3),-0.032994,0.129093,122.801382,0.000000
P,e-puck(3),-0.032951,0.128618,121.505691,0.000000
P,e-puck(3),-0.032731,0.127979,120.642267,0.000000
P,e-puck(3),-0.032290,0.127040,120.066442,0.000000
P,e-puck(3),-0.031640,0.125912,120.066521,0.000000
P,e-puck(3),-0.030984,0.124776,120.066946,0.000000
P,e-puck(3),-0.030323,0.123633,120.067449,0.000000
P,e-puck(3),-0.029660,0.122486,120.067923,0.000000
P,e-puck(3),-0.028995,0.121336,120.068334,0.000000
P,e-puck(3),-0.028329,0.120187,120.068678,0.000000
P,e-puck(3),-0.028207,0.119963,120.073877,0.000000
P,e-puck(3),-0.028593,0.118792,119.881264,0.000000
P,e-puck(3),-0.029118,0.117605,119.881006,0.000000
P,e-puck(3),-0.029589,0.116446,119.880939,0.000000
P,e-puck(3),-0.030020,0.115304,119.880946,0.000000
P,e-puck(3),-0.030422,0.114173,119.880977,0.000000
P,e-puck(3),-0.030804,0.113050,119.881009,0.000000
P,e-puck(3),-0.031169,0.111932,119.881033,0.000000
P,e-puck(3),-0.031520,0.110816,119.881049,0.000000
P,e-puck(3),-0.031859,0.109703,119.881055,0.000000
P,e-puck(3),-0.032187,0.108590,119.881053,0.000000
P,e-puck(3),-0.032503,0.107479,119.881043,0.000000
P,e-puck(3),-0.032809,0.106368,119.881029,0.000000
P,e-puck(3),-0.033105,0.105257,119.881012,0.000000
P,e-puck(3),-0.033392,0.104147,119.880992,0.000000
P,e-puck(3),-0.033669,0.103037,119.880969,0.000000
P,e-puck(3),-0.033937,0.101926,119.880945,0.000000
P,e-puck(3),-0.034195,0.100816,119.880918,0.000000
P,e-puck(3),-0.034444,0.099706,119.880891,0.000000
P,e-puck(3),-0.034684,0.098596,119.880864,0.000000
P,e-puck(3),-0.034914,0.097486,119.880836,0.000000
P,e-puck(3),-0.035136,0.096376,119.880808,0.000000
P,e-puck(3),-0.035348,0.095266,119.880780,0.000000
P,e-puck(3),-0.035551,0.094156,119.880752,0.000000
P,e-puck(3),-0.035745,0.093046,119.880724,0.000000
P,e-puck(3),-0.035930,0.091935,119.880696,0.000000
P,e-puck(3),-0.036105,0.090825,119.880668,0.000000
P,e-puck(3),-0.036272,0.089715,119.880641,0.000000
P,e-puck(3),-0.036430,0.088605,119.880615,0.000000
P,e-puck(3),-0.036578,0.087495,119.880589,0.000000
P,e-puck(3),-0.036717,0.086385,119.880562,0.000000
P,e-puck(3),-0.036848,0.085275,119.880533,0.000000
P,e-puck(3),-0.036969,0.084165,119.880502,0.000000
P,e-puck(3),-0.037202,0.083321,119.111009,0.000000
P,e-puck(3),-0.037529,0.082688,117.739605,0.000000
P,e-puck(3),-0.037923,0.082200,115.966584,0.000000
P,e-puck(3),-0.038365,0.081816,113.925508,0.000000
P,e-puck(3),-0.038903,0.081650,111.348569,0.000000
P,e-puck(3),-0.039448,0.081503,108.770747,0.000000
P,e-puck(3),-0.039999,0.081375,106.193034,0.000000
P,e-puck(3),-0.040519,0.081264,103.615836,0.000000
P,e-puck(3),-0.041008,0.081172,101.039286,0.000000
P,e-puck(3),-0.041500,0.081098,98.463369,0.000000
P,e-puck(3),-0.041993,0.081042,95.888022,0.000000
P,e-puck(3),-0.042487,0.081000,93.313162,0.000000
P,e-puck(3),-0.042982,0.080921,90.738717,0.000000
P,e-puck(3),-0.043483,0.080743,88.164625,0.000000
P,e-puck(3),-0.043992,0.080642,85.590825,0.000000
P,e-puck(3),-0.044492,0.080726,83.017310,0.000000
P,e-puck(3),-0.044987,0.080814,80.444033,0.000000
P,e-puck(3),-0.045477,0.080910,77.870968,0.000000
P,e-puck(3),-0.045962,0.081019,75.298103,0.000000
P,e-puck(3),-0.046441,0.081143,72.725427,0.000000
P,e-puck(3),-0.046918,0.081283,70.152934,0.000000
P,e-puck(3),-0.047399,0.081440,67.580623,0.000000
P,e-puck(3),-0.047881,0.081613,65.008491,0.000000
P,e-puck(3),-0.048335,0.081870,62.616463,0.000000
P,e-puck(3),-0.048674,0.082433,61.047694,0.000000
P,e-puck(3),-0.048939,0.083180,60.003569,0.000000
P,e-puck(3),-0.049501,0.083188,59.404806,0.000000
P,e-puck(3),-0.050161,0.082788,57.859532,0.000000
P,e-puck(3),-0.051332,0.082235,58.024909,0.000000
P,e-puck(3),-0.052051,0.081639,56.832497,0.000000
P,e-puck(3),-0.053449,0.080690,56.782879,0.000000
P,e-puck(3),-0.054791,0.079712,56.653907,0.000000
P,e-puck(3),-0.056156,0.079278,56.150807,0.000000
P,e-puck(3),-0.057503,0.078387,55.261742,0.000000
P,e-puck(3),-0.058793,0.077391,54.378051,0.000000
P,e-puck(3),-0.060054,0.076423,53.526993,0.000000
P,e-puck(3),-0.060690,0.075772,53.651780,0.000000
P,e-puck(3),-0.061622,0.074505,53.652700,0.000000
P,e-puck(3),-0.062511,0.073295,53.652916,0.000000
P,e-puck(3),-0.063271,0.072260,53.653249,0.000000
P,e-puck(3),-0.064106,0.071183,53.653417,0.000000
P,e-puck(3),-0.064147,0.070776,53.786854,0.000000
P,e-puck(3),-0.064920,0.069879,54.264698,0.000000
P,e-puck(3),-0.065763,0.068840,54.268515,0.000000
P,e-puck(3),-0.066576,0.067796,54.270992,0.000000
P,e-puck(3),-0.067379,0.066734,54.272884,0.000000
P,e-puck(3),-0.068124,0.066040,53.334329,0.000000
P,e-puck(3),-0.068708,0.065459,52.707589,0.000000
P,e-puck(3),-0.069327,0.065086,51.349926,0.000000
P,e-puck(3),-0.069784,0.065080,49.504411,0.000000
P,e-puck(3),-0.070222,0.065104,47.428773,0.000000
P,e-puck(3),-0.070695,0.065436,44.623950,0.000000
P,e-puck(3),-0.071026,0.065782,41.917996,0.000000
P,e-puck(3),-0.071537,0.065747,40.094076,0.000000
P,e-puck(3),-0.072331,0.065738,37.658181,0.000000
P,e-puck(3),-0.072829,0.065946,35.660089,0.000000
P,e-puck(3),-0.073768,0.065660,33.734248,0.000000
P,e-puck(3),-0.074267,0.065913,31.675592,0.000000
P,e-puck(3),-0.075039,0.066234,28.943857,0.000000
P,e-puck(3),-0.076359,0.066597,26.127301,0.000000
P,e-puck(3),-0.077998,0.066988,23.554742,0.000000
P,e-puck(3),-0.079386,0.067416,21.765189,0.000000
P,e-puck(3),-0.080573,0.067841,20.205587,0.000000
P,e-puck(3),-0.081707,0.068248,18.506847,0.000000
P,e-puck(3),-0.082970,0.068650,16.834575,0.000000
P,e-puck(3),-0.082865,0.068836,15.991444,0.000000
P,e-puck(3),-0.083539,0.068471,16.029337,0.000000
P,e-puck(3),-0.083980,0.068318,15.734507,0.000000
P,e-puck(3),-0.084768,0.068351,16.671134,0.000000
P,e-puck(3),-0.086295,0.068390,17.376014,0.000000
P,e-puck(3),-0.087744,0.068397,17.821835,0.000000
P,e-puck(3),-0.088930,0.068391,18.029490,0.000000
P,e-puck(3),-0.089693,0.068372,18.416593,0.000000
P,e-puck(3),-0.090565,0.068402,18.477445,0.000000
P,e-puck(3),-0.091534,0.068541,18.364940,0.000000
P,e-puck(3),-0.091332,0.068253,18.426316,0.000000
P,e-puck(3),-0.091664,0.068451,18.424579,0.000000
P,e-puck(3),-0.093098,0.067759,17.162739,0.000000
P,e-puck(3),-0.094091,0.068164,16.945932,0.000000
P,e-puck(3),-0.095532,0.068554,16.939998,0.000000
P,e-puck(3),-0.097020,0.068937,16.936519,0.000000
P,e-puck(3),-0.098471,0.069317,16.934406,0.000000
P,e-puck(3),-0.099303,0.069693,16.933169,0.000000
P,e-puck(3),-0.098474,0.069914,17.229600,0.000000
P,e-puck(3),-0.100195,0.069474,17.229057,0.000000
P,e-puck(3),-0.100058,0.069702,17.228122,0.000000
P,e-puck(3),-0.099912,0.069852,16.803567,0.000000
P,e-puck(3),-0.101479,0.069841,16.381566,0.000000
P,e-puck(3),-0.103350,0.070211,16.377510,0.000000
P,e-puck(3),-0.105038,0.070578,16.375313,0.000000
P,e-puck(3),-0.106601,0.070943,16.374113,0.000000
P,e-puck(3),-0.108095,0.071306,16.373371,0.000000
P,e-puck(3),-0.109540,0.071669,16.372916,0.000000
P,e-puck(3),-0.110965,0.072031,16.372634,0.000000
P,e-puck(3),-0.112366,0.072392,16.372491,0.000000
P,e-puck(3),-0.113745,0.072753,16.372407,0.000000
P,e-puck(3),-0.115109,0.073114,16.372354,0.000000
P,e-puck(3),-0.116456,0.073475,16.372316,0.000000
P,e-puck(3),-0.116544,0.073682,16.370940,0.000000
P,e-puck(3),-0.116705,0.073782,16.202222,0.000000
P,e-puck(3),-0.117724,0.074137,16.201217,0.000000
P,e-puck(3),-0.118089,0.074163,16.014358,0.000000
P,e-puck(3),-0.118003,0.074459,15.982953,0.000000
P,e-puck(3),-0.118733,0.074636,15.951751,0.000000
P,e-puck(3),-0.119693,0.074498,16.213941,0.000000
P,e-puck(3),-0.120500,0.074299,15.875657,0.000000
P,e-puck(3),-0.120596,0.074336,15.148224,0.000000
P,e-puck(3),-0.121370,0.074206,15.003708,0.000000
P,e-puck(3),-0.121682,0.073859,14.773190,0.000000
P,e-puck(3),-0.122054,0.073993,14.573931,0.000000
P,e-puck(3),-0.122395,0.074025,14.393116,0.000000
P,e-puck(3),-0.122892,0.074129,14.030542,0.000000
P,e-puck(3),-0.123008,0.074364,13.877732,0.000000
P,e-puck(3),-0.124740,0.074308,13.606937,0.000000
P,e-puck(3),-0.125420,0.074396,13.604239,0.000000
P,e-puck(3),-0.125854,0.074248,12.892661,0.000000
P,e-puck(3),-0.126862,0.074539,12.535043,0.000000
P,e-puck(3),-0.128318,0.074814,12.529532,0.000000
P,e-puck(3),-0.127660,0.075270,12.170464,0.000000
P,e-puck(3),-0.129417,0.075143,11.933096,0.000000
P,e-puck(3),-0.129585,0.075436,10.879077,0.000000
P,e-puck(3),-0.130666,0.075641,10.810748,0.000000
P,e-puck(3),-0.131443,0.075882,10.803864,0.000000
P,e-puck(3),-0.132484,0.076122,10.799443,0.000000
P,e-puck(3),-0.133744,0.076363,10.796863,0.000000
P,e-puck(3),-0.135023,0.076637,10.203433,0.000000
P,e-puck(3),-0.136249,0.076864,10.197771,0.000000
P,e-puck(3),-0.137435,0.077091,10.194428,0.000000
P,e-puck(3),-0.137745,0.077251,10.176724,0.000000
P,e-puck(3),-0.139388,0.077353,9.704188,0.000000
P,e-puck(3),-0.140475,0.077684,9.703763,0.000000
P,e-puck(3),-0.141133,0.077915,9.702344,0.000000
P,e-puck(3),-0.141848,0.078184,9.117073,0.000000
P,e-puck(3),-0.142812,0.078427,8.729034,0.000000
P,e-puck(3),-0.143922,0.078624,8.722449,0.000000
P,e-puck(3),-0.143874,0.078909,8.466102,0.000000
P,e-puck(3),-0.144643,0.078895,8.437577,0.000000
P,e-puck(3),-0.145063,0.079153,8.441342,0.000000
P,e-puck(3),-0.145885,0.079266,8.271826,0.000000
P,e-puck(3),-0.146158,0.079533,8.052765,0.000000
P,e-puck(3),-0.146857,0.079662,8.057065,0.000000
P,e-puck(3),-0.147375,0.079888,7.916602,0.000000
P,e-puck(3),-0.148301,0.079993,7.846589,0.000000
P,e-puck(3),-0.149275,0.080178,7.846067,0.000000
P,e-puck(3),-0.149103,0.080242,7.449665,0.000000
P,e-puck(3),-0.148796,0.080390,7.446083,0.000000
P,e-puck(3),-0.150629,0.080425,7.166350,0.000000
P,e-puck(3),-0.149778,0.080524,6.818726,0.000000
P,e-puck(3),-0.151089,0.080475,7.031929,0.000000
P,e-puck(3),-0.152109,0.080727,6.568581,0.000000
P,e-puck(3),-0.152308,0.080905,6.598978,0.000000
P,e-puck(3),-0.153248,0.080983,6.740157,0.000000
P,e-puck(3),-0.153437,0.081235,6.411797,0.000000
P,e-puck(3),-0.154372,0.081258,6.263006,0.000000
P,e-puck(3),-0.155082,0.081478,6.053101,0.000000
P,e-puck(3),-0.155651,0.082051,7.562743,0.000000
P,e-puck(3),-0.156644,0.082183,8.928146,0.000000
P,e-puck(3),-0.155765,0.082706,9.670388,0.000000
P,e-puck(3),-0.156953,0.082608,10.489420,0.000000
P,e-puck(3),-0.157161,0.082860,10.441051,0.000000
P,e-puck(3),-0.156867,0.083141,10.573587,0.000000
P,e-puck(3),-0.156764,0.083298,10.650973,0.000000
P,e-puck(3),-0.157142,0.083646,10.548887,0.000000
P,e-puck(3),-0.156923,0.083884,10.544175,0.000000
P,e-puck(3),-0.156631,0.084059,10.777440,0.000000
P,e-puck(3),-0.156542,0.084239,10.879567,0.000000
P,e-puck(3),-0.156565,0.084316,11.274613,0.000000
P,e-puck(3),-0.156426,0.084535,11.449349,0.000000
P,e-puck(3),-0.156389,0.084669,11.401529,0.000000
P,e-puck(3),-0.155828,0.084860,11.395193,0.000000
P,e-puck(3),-0.155586,0.085013,11.395487,0.000000
P,e-puck(3),-0.156160,0.085506,11.101358,0.000000
P,e-puck(3),-0.156440,0.085756,11.071235,0.000000
P,e-puck(3),-0.156923,0.086001,11.070051,0.000000
P,e-puck(3),-0.156024,0.086244,11.069052,0.000000
P,e-puck(3),-0.156685,0.086358,11.086737,0.000000
P,e-puck(3),-0.155692,0.086751,10.918163,0.000000
P,e-puck(3),-0.154934,0.087116,10.428067,0.000000
P,e-puck(3),-0.154292,0.087399,10.160715,0.000000
P,e-puck(3),-0.155080,0.087574,10.159848,0.000000
P,e-puck(3),-0.154719,0.087410,10.078381,0.000000
P,e-puck(3),-0.155352,0.087753,10.069170,0.000000
P,e-puck(3),-0.155936,0.088151,10.062939,0.000000
P,e-puck(3),-0.156407,0.088342,10.059056,0.000000
P,e-puck(3),-0.156693,0.088595,10.031582,0.000000
P,e-puck(3),-0.156375,0.088427,9.706083,0.000000
P,e-puck(3),-0.156593,0.088776,9.700403,0.000000
P,e-puck(3),-0.156888,0.089152,9.804453,0.000000
P,e-puck(3),-0.156752,0.089261,9.048026,0.000000
P,e-puck(3),-0.156310,0.090780,9.340048,0.000000
P,e-puck(3),-0.157066,0.089983,9.270840,0.000000
P,e-puck(3),-0.156785,0.089197,8.203321,0.000000
P,e-puck(3),-0.157633,0.090598,7.466630,0.000000
P,e-puck(3),-0.157839,0.090980,6.239583,0.000000
P,e-puck(3),-0.158157,0.091084,6.280555,0.000000
P,e-puck(3),-0.158432,0.091239,6.229307,0.000000
P,e-puck(3),-0.158861,0.091390,6.169950,0.000000
P,e-puck(3),-0.159449,0.091535,6.132118,0.000000
P,e-puck(3),-0.160148,0.091674,6.107648,0.000000
P,e-puck(3),-0.160732,0.091813,6.091995,0.000000
P,e-puck(3),-0.161274,0.091949,6.081792,0.000000
P,e-puck(3),-0.160981,0.092086,6.075424,0.000000
P,e-puck(3),-0.161400,0.092279,5.802543,0.000000
P,e-puck(3),-0.161728,0.092409,5.799122,0.000000
P,e-puck(3),-0.161646,0.092539,5.797067,0.000000
P,e-puck(3),-0.161836,0.092684,5.719731,0.000000
P,e-puck(3),-0.162018,0.092822,5.673267,0.000000
P,e-puck(3),-0.161847,0.092955,5.641728,0.000000
P,e-puck(3),-0.161897,0.093052,6.281204,0.000000
P,e-puck(3),-0.161334,0.093551,6.557235,0.000000
P,e-puck(3),-0.160919,0.093599,7.463566,0.000000
P,e-puck(3),-0.160987,0.093764,7.510871,0.000000
P,e-puck(3),-0.161101,0.094013,7.301708,0.000000
P,e-puck(3),-0.160654,0.094155,7.539365,0.000000
P,e-puck(3),-0.159750,0.094589,7.328988,0.000000
P,e-puck(3),-0.160018,0.095295,7.582259,0.000000
P,e-puck(3),-0.159577,0.095107,7.145620,0.000000
P,e-puck(3),-0.159568,0.095843,6.745467,0.000000
P,e-puck(3),-0.159466,0.096168,6.887516,0.000000
P,e-puck(3),-0.159490,0.096132,6.746004,0.000000
P,e-puck(3),-0.159139,0.096161,7.807413,0.000000
P,e-puck(3),-0.158536,0.096388,7.712073,0.000000
P,e-puck(3),-0.158431,0.096621,7.918236,0.000000
P,e-puck(3),-0.157820,0.096905,8.178606,0.000000
P,e-puck(3),-0.158058,0.097875,7.150653,0.000000
P,e-puck(3),-0.157646,0.098026,6.896689,0.000000
P,e-puck(3),-0.157626,0.098455,6.367097,0.000000
P,e-puck(3),-0.156536,0.098904,5.370359,0.000000
P,e-puck(3),-0.157497,0.099296,5.976692,0.000000
P,e-puck(3),-0.157245,0.099515,6.677063,0.000000
P,e-puck(3),-0.156772,0.099958,6.967988,0.000000
P,e-puck(3),-0.156394,0.100919,6.042844,0.000000
P,e-puck(3),-0.156454,0.101258,6.501965,0.000000
P,e-puck(3),-0.156060,0.102094,5.688669,0.000000
P,e-puck(3),-0.155566,0.102243,5.650660,0.000000
P,e-puck(3),-0.154652,0.103118,5.396972,0.000000
P,e-puck(3),-0.154050,0.103211,5.467735,0.000000
P,e-puck(3),-0.155086,0.103904,5.824404,0.000000
P,e-puck(3),-0.155421,0.104072,6.251908,0.000000
P,e-puck(3),-0.154894,0.103270,4.588560,0.000000
P,e-puck(3),-0.154872,0.104913,3.242812,0.000000
P,e-puck(3),-0.154400,0.104826,0.899892,0.000000
P,e-puck(3),-0.154567,0.106026,0.939764,0.000000
P,e-puck(3),-0.154541,0.106810,0.153585,0.000000
P,e-puck(3),-0.154093,0.107032,0.325082,0.000000
P,e-puck(3),-0.154058,0.108173,358.556279,0.000000
P,e-puck(3),-0.153738,0.109663,357.478444,0.000000
P,e-puck(3),-0.152608,0.110860,357.016197,0.000000
P,e-puck(3),-0.152303,0.111917,357.077763,0.000000
P,e-puck(3),-0.152085,0.112462,357.384806,0.000000
P,e-puck(3),-0.151916,0.113082,358.751309,0.000000
P,e-puck(3),-0.151335,0.113703,359.627549,0.000000
P,e-puck(3),-0.151432,0.114820,358.752864,0.000000
P,e-puck(3),-0.151328,0.115544,357.915757,0.000000
P,e-puck(3),-0.150544,0.116067,357.183686,0.000000
P,e-puck(3),-0.150890,0.116900,356.602938,0.000000
P,e-puck(3),-0.148608,0.117004,357.481847,0.000000
P,e-puck(3),-0.150226,0.117109,357.479798,0.000000
P,e-puck(3),-0.150121,0.117500,357.627113,0.000000
P,e-puck(3),-0.149568,0.117914,357.807368,0.000000
P,e-puck(3),-0.149977,0.118280,357.762552,0.000000
P,e-puck(3),-0.149519,0.118462,357.976662,0.000000
P,e-puck(3),-0.148878,0.118739,359.042634,0.000000
P,e-puck(3),-0.150228,0.118798,359.021903,0.000000
P,e-puck(3),-0.150385,0.119014,358.980723,0.000000
P,e-puck(3),-0.150492,0.118925,359.636660,0.000000
P,e-puck(3),-0.150094,0.119467,358.612549,0.000000
P,e-puck(3),-0.151001,0.119895,357.780414,0.000000
P,e-puck(3),-0.150994,0.120473,357.951461,0.000000
P,e-puck(3),-0.151075,0.120524,357.289383,0.000000
P,e-puck(3),-0.150583,0.121067,357.007116,0.000000
P,e-puck(3),-0.151047,0.121039,357.422172,0.000000
P,e-puck(3),-0.151449,0.121459,356.086331,0.000000
P,e-puck(3),-0.152046,0.121453,355.988625,0.000000
P,e-puck(3),-0.150821,0.121367,355.978630,0.000000
P,e-puck(3),-0.150688,0.121666,354.920830,0.000000
P,e-puck(3),-0.151088,0.121926,354.121751,0.000000
P,e-puck(3),-0.151350,0.122462,354.583219,0.000000
P,e-puck(3),-0.151515,0.122646,354.322890,0.000000
P,e-puck(3),-0.151160,0.123035,353.213941,0.000000
P,e-puck(3),-0.150276,0.123046,353.584716,0.000000
P,e-puck(3),-0.150364,0.123180,353.910555,0.000000
P,e-puck(3),-0.149679,0.123219,354.045784,0.000000
P,e-puck(3),-0.150276,0.123237,353.919787,0.000000
P,e-puck(3),-0.149273,0.122622,353.828538,0.000000
P,e-puck(3),-0.149945,0.123426,353.563558,0.000000
P,e-puck(3),-0.149749,0.123445,353.313225,0.000000
P,e-puck(3),-0.150383,0.123029,354.141794,0.000000
P,e-puck(3),-0.149758,0.123443,354.663596,0.000000
P,e-puck(3),-0.149497,0.123416,354.230965,0.000000
P,e-puck(3),-0.149754,0.123711,354.162502,0.000000
P,e-puck(3),-0.149326,0.123661,354.077933,0.000000
P,e-puck(3),-0.147432,0.123599,354.348385,0.000000
P,e-puck(3),-0.148404,0.123702,354.229565,0.000000
P,e-puck(3),-0.146881,0.123157,353.429396,0.000000
P,e-puck(3),-0.147454,0.124035,353.292750,0.000000
P,e-puck(3),-0.147001,0.124061,353.465829,0.000000
P,e-puck(3),-0.146505,0.123993,353.126594,0.000000
P,e-puck(3),-0.145979,0.122230,351.039808,0.000000
P,e-puck(3),-0.145885,0.123509,350.935874,0.000000
P,e-puck(3),-0.145140,0.124090,351.745747,0.000000
P,e-puck(3),-0.144155,0.124250,351.447825,0.000000
P,e-puck(3),-0.143731,0.124846,351.275347,0.000000
P,e-puck(3),-0.142995,0.123968,349.515201,0.000000
P,e-puck(3),-0.142533,0.125072,348.963138,0.000000
P,e-puck(3),-0.142367,0.125142,348.670556,0.000000
P,e-puck(3),-0.140481,0.125506,349.424583,0.000000
P,e-puck(3),-0.140225,0.125233,350.114626,0.000000
P,e-puck(3),-0.139296,0.125251,350.375311,0.000000
P,e-puck(3),-0.138410,0.125174,350.374909,0.000000
P,e-puck(3),-0.137620,0.125097,350.549775,0.000000
P,e-puck(3),-0.136946,0.125377,350.135068,0.000000
P,e-puck(3),-0.136957,0.125299,351.094986,0.000000
P,e-puck(3),-0.136269,0.125586,351.707857,0.000000
P,e-puck(3),-0.133486,0.125636,352.054513,0.000000
P,e-puck(3),-0.135253,0.125535,352.701498,0.000000
P,e-puck(3),-0.134676,0.125684,352.700128,0.000000
P,e-puck(3),-0.133430,0.126001,351.737399,0.000000
P,e-puck(3),-0.132447,0.126399,349.526424,0.000000
P,e-puck(3),-0.133450,0.126722,348.758119,0.000000
P,e-puck(3),-0.132202,0.126790,348.582747,0.000000
P,e-puck(3),-0.131296,0.126979,348.244636,0.000000
P,e-puck(3),-0.130188,0.126912,347.778264,0.000000
P,e-puck(3),-0.128896,0.127301,347.777564,0.000000
P,e-puck(3),-0.127610,0.127369,347.777666,0.000000
P,e-puck(3),-0.126266,0.127542,347.777821,0.000000
P,e-puck(3),-0.126004,0.128081,347.547495,0.000000
P,e-puck(3),-0.124766,0.128097,348.056424,0.000000
P,e-puck(3),-0.123763,0.128405,347.741831,0.000000
P,e-puck(3),-0.122905,0.128693,347.636675,0.000000
P,e-puck(3),-0.121623,0.128722,347.929386,0.000000
P,e-puck(3),-0.121052,0.128819,347.636113,0.000000
P,e-puck(3),-0.119697,0.129110,347.397054,0.000000
P,e-puck(3),-0.118816,0.129426,347.050045,0.000000
P,e-puck(3),-0.118416,0.129856,346.482760,0.000000
P,e-puck(3),-0.117581,0.129832,347.076731,0.000000
P,e-puck(3),-0.117377,0.130203,347.172872,0.000000
P,e-puck(3),-0.116818,0.130637,346.820110,0.000000
P,e-puck(3),-0.115694,0.130931,346.671998,0.000000
P,e-puck(3),-0.113664,0.130813,347.317378,0.000000
P,e-puck(3),-0.114756,0.131221,347.482145,0.000000
P,e-puck(3),-0.114463,0.131406,347.870083,0.000000
P,e-puck(3),-0.113621,0.131356,348.392014,0.000000
P,e-puck(3),-0.113069,0.131433,348.224215,0.000000
P,e-puck(3),-0.111973,0.131635,348.221514,0.000000
P,e-puck(3),-0.111482,0.131536,348.492204,0.000000
P,e-puck(3),-0.111153,0.129901,347.386676,0.000000
P,e-puck(3),-0.110096,0.131151,346.884565,0.000000
P,e-puck(3),-0.109720,0.131635,346.236954,0.000000
P,e-puck(3),-0.109508,0.130781,345.364352,0.000000
P,e-puck(3),-0.108627,0.131586,345.268939,0.000000
P,e-puck(3),-0.107463,0.131273,345.413486,0.000000
P,e-puck(3),-0.107621,0.132265,345.430735,0.000000
P,e-puck(3),-0.107364,0.132143,344.667750,0.000000
P,e-puck(3),-0.106111,0.132285,344.492519,0.000000
P,e-puck(3),-0.106173,0.132666,344.505636,0.000000
P,e-puck(3),-0.105352,0.132407,344.474437,0.000000
P,e-puck(3),-0.105483,0.132099,344.132031,0.000000
P,e-puck(3),-0.104397,0.132773,343.351048,0.000000
P,e-puck(3),-0.103577,0.132731,342.716957,0.000000
P,e-puck(3),-0.101563,0.132872,342.303763,0.000000
P,e-puck(3),-0.102495,0.133331,342.429881,0.000000
P,e-puck(3),-0.102130,0.133329,342.428205,0.000000
P,e-puck(3),-0.100883,0.133386,342.438639,0.000000
P,e-puck(3),-0.099614,0.133618,342.436229,0.000000
P,e-puck(3),-0.099058,0.134031,342.437273,0.000000
P,e-puck(3),-0.097921,0.134303,342.572889,0.000000
P,e-puck(3),-0.096749,0.134573,342.366025,0.000000
P,e-puck(3),-0.096406,0.134724,342.736343,0.000000
P,e-puck(3),-0.095843,0.134909,343.144986,0.000000
P,e-puck(3),-0.093573,0.134385,343.473617,0.000000
P,e-puck(3),-0.094467,0.134938,343.486571,0.000000
P,e-puck(3),-0.093978,0.134927,342.705428,0.000000
P,e-puck(3),-0.093008,0.134707,342.707802,0.000000
P,e-puck(3),-0.091807,0.134739,342.666777,0.000000
P,e-puck(3),-0.090352,0.134649,342.665986,0.000000
P,e-puck(3),-0.090404,0.135116,343.301137,0.000000
P,e-puck(3),-0.090133,0.135286,344.218427,0.000000
P,e-puck(3),-0.089316,0.135362,344.410148,0.000000
P,e-puck(3),-0.088870,0.135487,344.237540,0.000000
P,e-puck(3),-0.088583,0.135931,343.278634,0.000000
P,e-puck(3),-0.088249,0.136094,342.903546,0.000000
P,e-puck(3),-0.087878,0.136483,342.533181,0.000000
P,e-puck(3),-0.087465,0.136891,342.402415,0.000000
P,e-puck(3),-0.087020,0.137238,342.369194,0.000000
P,e-puck(3),-0.086552,0.137611,342.370951,0.000000
P,e-puck(3),-0.086032,0.137819,342.376064,0.000000
P,e-puck(3),-0.085483,0.137756,342.507889,0.000000
P,e-puck(3),-0.084973,0.138111,342.746713,0.000000
P,e-puck(3),-0.084465,0.138253,343.249089,0.000000
P,e-puck(3),-0.083952,0.138224,343.990802,0.000000
P,e-puck(3),-0.083361,0.137870,344.206442,0.000000
P,e-puck(3),-0.082687,0.138157,343.642333,0.000000
P,e-puck(3),-0.081885,0.138469,342.984191,0.000000
P,e-puck(3),-0.080816,0.138405,342.642920,0.000000
P,e-puck(3),-0.080371,0.138626,342.853485,0.000000
P,e-puck(3),-0.079986,0.138927,342.928800,0.000000
P,e-puck(3),-0.078347,0.138589,342.341594,0.000000
P,e-puck(3),-0.078123,0.138987,342.340536,0.000000
P,e-puck(3),-0.077731,0.139274,342.490568,0.000000
P,e-puck(3),-0.077612,0.139516,343.455301,0.000000
P,e-puck(3),-0.077325,0.139518,344.069871,0.000000
P,e-puck(3),-0.077054,0.140040,344.062298,0.000000
P,e-puck(3),-0.076696,0.140490,343.970511,0.000000
P,e-puck(3),-0.076298,0.141041,343.605207,0.000000
P,e-puck(3),-0.075641,0.141398,343.338109,0.000000
P,e-puck(3),-0.074884,0.141531,342.848247,0.000000
P,e-puck(3),-0.074103,0.141683,342.795404,0.000000
P,e-puck(3),-0.073372,0.141902,342.136857,0.000000
P,e-puck(3),-0.072541,0.142200,341.321637,0.000000
P,e-puck(3),-0.070115,0.141821,341.921660,0.000000
P,e-puck(3),-0.070887,0.142136,341.619877,0.000000
P,e-puck(3),-0.070319,0.142414,341.871415,0.000000
P,e-puck(3),-0.069932,0.142333,342.639217,0.000000
P,e-puck(3),-0.068174,0.141948,343.404140,0.000000
P,e-puck(3),-0.069067,0.142644,343.395021,0.000000
P,e-puck(3),-0.068913,0.142842,343.002600,0.000000
P,e-puck(3),-0.068029,0.143115,343.498484,0.000000
P,e-puck(3),-0.067148,0.143281,343.924541,0.000000
P,e-puck(3),-0.067308,0.143278,343.882744,0.000000
P,e-puck(3),-0.066544,0.143489,344.519990,0.000000
P,e-puck(3),-0.065576,0.143390,344.742851,0.000000
P,e-puck(3),-0.065838,0.143300,344.755781,0.000000
P,e-puck(3),-0.065578,0.143479,344.387729,0.000000
P,e-puck(3),-0.065688,0.143269,342.605726,0.000000
P,e-puck(3),-0.065427,0.143634,342.610426,0.000000
P,e-puck(3),-0.064280,0.143599,342.505092,0.000000
P,e-puck(3),-0.063605,0.143669,342.110841,0.000000
P,e-puck(3),-0.063019,0.143776,341.461480,0.000000
P,e-puck(3),-0.062567,0.144097,340.652959,0.000000
P,e-puck(3),-0.061173,0.144923,341.233844,0.000000
P,e-puck(3),-0.061819,0.145227,340.606139,0.000000
P,e-puck(3),-0.060943,0.145606,339.490135,0.000000
P,e-puck(3),-0.061127,0.145474,337.748529,0.000000
P,e-puck(3),-0.060874,0.146078,335.278256,0.000000
P,e-puck(3),-0.060527,0.145753,335.278708,0.000000
P,e-puck(3),-0.059672,0.145661,335.244189,0.000000
P,e-puck(3),-0.059404,0.145266,333.707395,0.000000
P,e-puck(3),-0.058740,0.146182,332.716276,0.000000
P,e-puck(3),-0.058385,0.146237,332.409171,0.000000
P,e-puck(3),-0.057037,0.146462,331.810432,0.000000
P,e-puck(3),-0.056791,0.146497,332.270625,0.000000
P,e-puck(3),-0.056030,0.146213,331.708626,0.000000
P,e-puck(3),-0.055399,0.146202,331.403809,0.000000
P,e-puck(3),-0.055013,0.145757,330.674859,0.000000
P,e-puck(3),-0.054529,0.146094,329.675310,0.000000
P,e-puck(3),-0.054297,0.146432,327.973104,0.000000
P,e-puck(3),-0.054172,0.146867,326.250660,0.000000
P,e-puck(3),-0.053490,0.146803,326.005522,0.000000
P,e-puck(3),-0.052537,0.147047,325.998234,0.000000
P,e-puck(3),-0.051724,0.146440,326.018342,0.000000
P,e-puck(3),-0.051774,0.146782,326.016952,0.000000
P,e-puck(3),-0.050851,0.147181,325.984576,0.000000
P,e-puck(3),-0.050171,0.147676,325.600127,0.000000
P,e-puck(3),-0.049167,0.147708,325.599527,0.000000
P,e-puck(3),-0.048256,0.147540,326.260419,0.000000
P,e-puck(3),-0.048089,0.148295,326.808548,0.000000
P,e-puck(3),-0.047408,0.148475,326.808340,0.000000
