P,e-puck(5),0.490647,0.606996,19.526645,0.000000
P,e-puck(5),0.490635,0.607013,19.526612,0.000000
P,e-puck(5),0.490259,0.606894,19.526575,0.000000
P,e-puck(5),0.489605,0.606670,19.526516,0.000000
P,e-puck(5),0.488410,0.606252,19.526426,0.000000
P,e-puck(5),0.487208,0.605829,19.526353,0.000000
P,e-puck(5),0.486000,0.605403,19.526297,0.000000
P,e-puck(5),0.484787,0.604975,19.526255,0.000000
P,e-puck(5),0.483569,0.604544,19.526225,0.000000
P,e-puck(5),0.482346,0.604111,19.526204,0.000000
P,e-puck(5),0.481120,0.603676,19.526189,0.000000
P,e-puck(5),0.479892,0.603241,19.526175,0.000000
P,e-puck(5),0.478662,0.602805,19.526160,0.000000
P,e-puck(5),0.477432,0.602369,19.526142,0.000000
P,e-puck(5),0.476203,0.601933,19.526122,0.000000
P,e-puck(5),0.474977,0.601498,19.526101,0.000000
P,e-puck(5),0.473755,0.601065,19.526080,0.000000
P,e-puck(5),0.472537,0.600633,19.526062,0.000000
P,e-puck(5),0.471324,0.600203,19.526049,0.000000
P,e-puck(5),0.470116,0.599774,19.526041,0.000000
P,e-puck(5),0.468914,0.599348,19.526039,0.000000
P,e-puck(5),0.467717,0.598924,19.526042,0.000000
P,e-puck(5),0.466525,0.598501,19.526049,0.000000
P,e-puck(5),0.465336,0.598079,19.526057,0.000000
P,e-puck(5),0.464150,0.597658,19.526065,0.000000
P,e-puck(5),0.462965,0.597238,19.526071,0.000000
P,e-puck(5),0.461780,0.596818,19.526075,0.000000
P,e-puck(5),0.460594,0.596397,19.526077,0.000000
P,e-puck(5),0.459406,0.595976,19.526078,0.000000
P,e-puck(5),0.458214,0.595553,19.526081,0.000000
P,e-puck(5),0.457018,0.595129,19.526087,0.000000
P,e-puck(5),0.455817,0.594703,19.526097,0.000000
P,e-puck(5),0.454610,0.594275,19.526113,0.000000
P,e-puck(5),0.453399,0.593846,19.526134,0.000000
P,e-puck(5),0.452183,0.593415,19.526160,0.000000
P,e-puck(5),0.450963,0.592982,19.526189,0.000000
P,e-puck(5),0.449740,0.592548,19.526218,0.000000
P,e-puck(5),0.448514,0.592113,19.526247,0.000000
P,e-puck(5),0.447287,0.591678,19.526274,0.000000
P,e-puck(5),0.446061,0.591243,19.526298,0.000000
P,e-puck(5),0.444836,0.590809,19.526320,0.000000
P,e-puck(5),0.443614,0.590375,19.526341,0.000000
P,e-puck(5),0.442396,0.589943,19.526363,0.000000
P,e-puck(5),0.441182,0.589513,19.526387,0.000000
P,e-puck(5),0.439973,0.589084,19.526414,0.000000
P,e-puck(5),0.438769,0.588657,19.526444,0.000000
P,e-puck(5),0.437570,0.588232,19.526480,0.000000
P,e-puck(5),0.436376,0.587809,19.526519,0.000000
P,e-puck(5),0.435186,0.587387,19.526560,0.000000
P,e-puck(5),0.433999,0.586966,19.526601,0.000000
P,e-puck(5),0.432814,0.586545,19.526639,0.000000
P,e-puck(5),0.431629,0.586125,19.526673,0.000000
P,e-puck(5),0.430444,0.585705,19.526703,0.000000
P,e-puck(5),0.429257,0.585284,19.526731,0.000000
P,e-puck(5),0.428067,0.584862,19.526756,0.000000
P,e-puck(5),0.426873,0.584438,19.526781,0.000000
P,e-puck(5),0.425674,0.584013,19.526806,0.000000
P,e-puck(5),0.424470,0.583586,19.526834,0.000000
P,e-puck(5),0.423260,0.583157,19.526863,0.000000
P,e-puck(5),0.422045,0.582726,19.526893,0.000000
P,e-puck(5),0.420826,0.582294,19.526924,0.000000
P,e-puck(5),0.419602,0.581860,19.526955,0.000000
P,e-puck(5),0.418375,0.581424,19.526983,0.000000
P,e-puck(5),0.417146,0.580989,19.527005,0.000000
P,e-puck(5),0.415916,0.580553,19.527022,0.000000
P,e-puck(5),0.414687,0.580117,19.527032,0.000000
P,e-puck(5),0.413460,0.579681,19.527037,0.000000
P,e-puck(5),0.412236,0.579247,19.527038,0.000000
P,e-puck(5),0.411015,0.578815,19.527037,0.000000
P,e-puck(5),0.409800,0.578383,19.527036,0.000000
P,e-puck(5),0.408589,0.577954,19.527037,0.000000
P,e-puck(5),0.407385,0.577527,19.527040,0.000000
P,e-puck(5),0.406185,0.577101,19.527044,0.000000
P,e-puck(5),0.404990,0.576678,19.527050,0.000000
P,e-puck(5),0.403799,0.576255,19.527054,0.000000
P,e-puck(5),0.402612,0.575834,19.527056,0.000000
P,e-puck(5),0.401426,0.575414,19.527053,0.000000
P,e-puck(5),0.400242,0.574994,19.527044,0.000000
P,e-puck(5),0.399057,0.574574,19.527030,0.000000
P,e-puck(5),0.397870,0.574153,19.527011,0.000000
P,e-puck(5),0.396680,0.573731,19.526988,0.000000
P,e-puck(5),0.395487,0.573308,19.526964,0.000000
P,e-puck(5),0.394289,0.572883,19.526941,0.000000
P,e-puck(5),0.393087,0.572456,19.526919,0.000000
P,e-puck(5),0.391879,0.572028,19.526900,0.000000
P,e-puck(5),0.390666,0.571598,19.526883,0.000000
P,e-puck(5),0.389449,0.571166,19.526867,0.000000
P,e-puck(5),0.388228,0.570733,19.526852,0.000000
P,e-puck(5),0.387004,0.570299,19.526834,0.000000
P,e-puck(5),0.385778,0.569865,19.526813,0.000000
P,e-puck(5),0.384552,0.569430,19.526788,0.000000
P,e-puck(5),0.383326,0.568995,19.526759,0.000000
P,e-puck(5),0.382103,0.568561,19.526727,0.000000
P,e-puck(5),0.380882,0.568128,19.526693,0.000000
P,e-puck(5),0.379665,0.567697,19.526659,0.000000
P,e-puck(5),0.378453,0.567267,19.526624,0.000000
P,e-puck(5),0.377246,0.566839,19.526590,0.000000
P,e-puck(5),0.376043,0.566412,19.526557,0.000000
P,e-puck(5),0.374846,0.565988,19.526524,0.000000
P,e-puck(5),0.373653,0.565565,19.526492,0.000000
P,e-puck(5),0.372463,0.565143,19.526459,0.000000
P,e-puck(5),0.371276,0.564722,19.526423,0.000000
P,e-puck(5),0.370090,0.564301,19.526385,0.000000
P,e-puck(5),0.368904,0.563881,19.526345,0.000000
P,e-puck(5),0.367717,0.563460,19.526303,0.000000
P,e-puck(5),0.366528,0.563038,19.526261,0.000000
P,e-puck(5),0.365336,0.562615,19.526222,0.000000
P,e-puck(5),0.364139,0.562191,19.526188,0.000000
P,e-puck(5),0.362938,0.561765,19.526161,0.000000
P,e-puck(5),0.361732,0.561337,19.526140,0.000000
P,e-puck(5),0.360520,0.560907,19.526125,0.000000
P,e-puck(5),0.359303,0.560476,19.526115,0.000000
P,e-puck(5),0.358082,0.560043,19.526108,0.000000
P,e-puck(5),0.356858,0.559608,19.526104,0.000000
P,e-puck(5),0.355630,0.559173,19.526098,0.000000
P,e-puck(5),0.354401,0.558737,19.526091,0.000000
P,e-puck(5),0.353172,0.558301,19.526082,0.000000
P,e-puck(5),0.351944,0.557866,19.526070,0.000000
P,e-puck(5),0.350719,0.557431,19.526057,0.000000
P,e-puck(5),0.349496,0.556998,19.526045,0.000000
P,e-puck(5),0.348278,0.556566,19.526035,0.000000
P,e-puck(5),0.347065,0.556136,19.526030,0.000000
P,e-puck(5),0.345857,0.555707,19.526031,0.000000
P,e-puck(5),0.344654,0.555281,19.526037,0.000000
P,e-puck(5),0.343457,0.554856,19.526049,0.000000
P,e-puck(5),0.342264,0.554433,19.526064,0.000000
P,e-puck(5),0.341075,0.554011,19.526082,0.000000
P,e-puck(5),0.339888,0.553590,19.526099,0.000000
P,e-puck(5),0.338703,0.553170,19.526114,0.000000
P,e-puck(5),0.337519,0.552750,19.526127,0.000000
P,e-puck(5),0.336333,0.552330,19.526138,0.000000
P,e-puck(5),0.335146,0.551908,19.526147,0.000000
P,e-puck(5),0.333955,0.551486,19.526157,0.000000
P,e-puck(5),0.332761,0.551062,19.526169,0.000000
P,e-puck(5),0.331561,0.550637,19.526185,0.000000
P,e-puck(5),0.330357,0.550210,19.526207,0.000000
P,e-puck(5),0.329148,0.549781,19.526233,0.000000
P,e-puck(5),0.327934,0.549351,19.526263,0.000000
P,e-puck(5),0.326715,0.548918,19.526297,0.000000
P,e-puck(5),0.325493,0.548485,19.526333,0.000000
P,e-puck(5),0.324269,0.548051,19.526367,0.000000
P,e-puck(5),0.323043,0.547616,19.526400,0.000000
P,e-puck(5),0.321817,0.547181,19.526430,0.000000
P,e-puck(5),0.320592,0.546747,19.526457,0.000000
P,e-puck(5),0.319370,0.546313,19.526485,0.000000
P,e-puck(5),0.318150,0.545881,19.526514,0.000000
P,e-puck(5),0.316935,0.545450,19.526546,0.000000
P,e-puck(5),0.315724,0.545020,19.526581,0.000000
P,e-puck(5),0.314517,0.544592,19.526619,0.000000
P,e-puck(5),0.313316,0.544166,19.526660,0.000000
P,e-puck(5),0.312119,0.543742,19.526703,0.000000
P,e-puck(5),0.310926,0.543319,19.526745,0.000000
P,e-puck(5),0.309737,0.542897,19.526785,0.000000
P,e-puck(5),0.308549,0.542476,19.526821,0.000000
P,e-puck(5),0.307363,0.542055,19.526851,0.000000
P,e-puck(5),0.306176,0.541634,19.526875,0.000000
P,e-puck(5),0.304988,0.541213,19.526894,0.000000
P,e-puck(5),0.303797,0.540791,19.526907,0.000000
P,e-puck(5),0.302603,0.540367,19.526920,0.000000
P,e-puck(5),0.301405,0.539942,19.526934,0.000000
P,e-puck(5),0.300202,0.539516,19.526949,0.000000
P,e-puck(5),0.298993,0.539087,19.526967,0.000000
P,e-puck(5),0.297780,0.538657,19.526988,0.000000
P,e-puck(5),0.296562,0.538225,19.527009,0.000000
P,e-puck(5),0.295340,0.537791,19.527030,0.000000
P,e-puck(5),0.294115,0.537357,19.527048,0.000000
P,e-puck(5),0.292887,0.536921,19.527062,0.000000
P,e-puck(5),0.291659,0.536486,19.527069,0.000000
P,e-puck(5),0.290430,0.536050,19.527071,0.000000
P,e-puck(5),0.289204,0.535615,19.527068,0.000000
P,e-puck(5),0.287979,0.535181,19.527060,0.000000
P,e-puck(5),0.286759,0.534748,19.527050,0.000000
P,e-puck(5),0.285543,0.534317,19.527040,0.000000
P,e-puck(5),0.284332,0.533888,19.527031,0.000000
P,e-puck(5),0.283126,0.533460,19.527024,0.000000
P,e-puck(5),0.281926,0.533034,19.527020,0.000000
P,e-puck(5),0.280730,0.532610,19.527016,0.000000
P,e-puck(5),0.279539,0.532188,19.527012,0.000000
P,e-puck(5),0.278351,0.531767,19.527006,0.000000
P,e-puck(5),0.277165,0.531346,19.526995,0.000000
P,e-puck(5),0.275981,0.530926,19.526979,0.000000
P,e-puck(5),0.274797,0.530506,19.526958,0.000000
P,e-puck(5),0.273611,0.530086,19.526932,0.000000
P,e-puck(5),0.272423,0.529664,19.526901,0.000000
P,e-puck(5),0.271231,0.529242,19.526870,0.000000
P,e-puck(5),0.270020,0.528872,19.199073,0.000000
P,e-puck(5),0.268927,0.528591,18.654924,0.000000
P,e-puck(5),0.268122,0.528490,17.717888,0.000000
P,e-puck(5),0.267540,0.528571,16.235010,0.000000
P,e-puck(5),0.267116,0.528775,14.387804,0.000000
P,e-puck(5),0.266803,0.529060,12.297375,0.000000
P,e-puck(5),0.266721,0.529486,9.720738,0.000000
P,e-puck(5),0.266665,0.529916,7.143318,0.000000
P,e-puck(5),0.266634,0.530347,4.565985,0.000000
P,e-puck(5),0.266629,0.530779,1.989086,0.000000
P,e-puck(5),0.266647,0.531211,359.412712,0.000000
P,e-puck(5),0.266688,0.531638,356.836825,0.000000
P,e-puck(5),0.266750,0.532061,354.261343,0.000000
P,e-puck(5),0.266833,0.532486,351.664603,0.000000
P,e-puck(5),0.266933,0.532906,349.073119,0.000000
P,e-puck(5),0.267050,0.533320,346.485149,0.000000
P,e-puck(5),0.267181,0.533729,343.899559,0.000000
P,e-puck(5),0.267326,0.534132,341.315663,0.000000
P,e-puck(5),0.267485,0.534529,338.733027,0.000000
P,e-puck(5),0.267655,0.534920,336.151356,0.000000
P,e-puck(5),0.267837,0.535306,333.570447,0.000000
P,e-puck(5),0.268032,0.535686,330.990157,0.000000
P,e-puck(5),0.268238,0.536060,328.410382,0.000000
P,e-puck(5),0.268458,0.536427,325.831045,0.000000
P,e-puck(5),0.268691,0.536786,323.252092,0.000000
P,e-puck(5),0.268937,0.537135,320.673479,0.000000
P,e-puck(5),0.269198,0.537473,318.095165,0.000000
P,e-puck(5),0.269474,0.537799,315.517125,0.000000
P,e-puck(5),0.269766,0.538111,312.939340,0.000000
P,e-puck(5),0.270074,0.538408,310.361793,0.000000
P,e-puck(5),0.270397,0.538688,307.784469,0.000000
P,e-puck(5),0.270736,0.538950,305.207356,0.000000
P,e-puck(5),0.271089,0.539192,302.630443,0.000000
P,e-puck(5),0.271456,0.539414,300.053725,0.000000
P,e-puck(5),0.271834,0.539614,297.477197,0.000000
P,e-puck(5),0.272223,0.539792,294.900859,0.000000
P,e-puck(5),0.272621,0.539949,292.324710,0.000000
P,e-puck(5),0.273026,0.540084,289.748751,0.000000
P,e-puck(5),0.273438,0.540199,287.172982,0.000000
P,e-puck(5),0.273853,0.540293,284.597402,0.000000
P,e-puck(5),0.274272,0.540369,282.022012,0.000000
P,e-puck(5),0.274693,0.540428,279.446808,0.000000
P,e-puck(5),0.275115,0.540470,276.871792,0.000000
P,e-puck(5),0.275538,0.540498,274.296962,0.000000
P,e-puck(5),0.275961,0.540510,271.722321,0.000000
P,e-puck(5),0.276384,0.540509,269.147871,0.000000
P,e-puck(5),0.276809,0.540494,266.573594,0.000000
P,e-puck(5),0.277171,0.540467,264.373592,0.000000
P,e-puck(5),0.277441,0.540200,262.593239,0.000000
P,e-puck(5),0.277545,0.539462,261.378328,0.000000
P,e-puck(5),0.277534,0.538541,260.586257,0.000000
P,e-puck(5),0.277443,0.537498,260.070407,0.000000
P,e-puck(5),0.277219,0.536227,260.072555,0.000000
P,e-puck(5),0.276993,0.534946,260.074289,0.000000
P,e-puck(5),0.276766,0.533658,260.075613,0.000000
P,e-puck(5),0.276539,0.532363,260.076595,0.000000
P,e-puck(5),0.276311,0.531064,260.077304,0.000000
P,e-puck(5),0.276084,0.529764,260.077805,0.000000
P,e-puck(5),0.275856,0.528464,260.078151,0.000000
P,e-puck(5),0.275629,0.527168,260.078385,0.000000
P,e-puck(5),0.275403,0.525876,260.078543,0.000000
P,e-puck(5),0.275180,0.524603,260.078656,0.000000
P,e-puck(5),0.274961,0.523349,260.078743,0.000000
P,e-puck(5),0.274743,0.522103,260.078811,0.000000
P,e-puck(5),0.274526,0.520863,260.078864,0.000000
P,e-puck(5),0.274310,0.519629,260.078908,0.000000
P,e-puck(5),0.274095,0.518398,260.078943,0.000000
P,e-puck(5),0.273880,0.517170,260.078970,0.000000
P,e-puck(5),0.273665,0.515942,260.078991,0.000000
P,e-puck(5),0.273450,0.514712,260.079007,0.000000
P,e-puck(5),0.273235,0.513479,260.079020,0.000000
P,e-puck(5),0.273018,0.512241,260.079033,0.000000
P,e-puck(5),0.272800,0.510997,260.079048,0.000000
P,e-puck(5),0.272581,0.509740,260.079069,0.000000
P,e-puck(5),0.272359,0.508472,260.079098,0.000000
P,e-puck(5),0.272136,0.507197,260.079131,0.000000
P,e-puck(5),0.271912,0.505916,260.079167,0.000000
P,e-puck(5),0.271687,0.504630,260.079206,0.000000
P,e-puck(5),0.271462,0.503342,260.079246,0.000000
P,e-puck(5),0.271236,0.502051,260.079287,0.000000
P,e-puck(5),0.271010,0.500761,260.079327,0.000000
P,e-puck(5),0.270785,0.499473,260.079366,0.000000
P,e-puck(5),0.270560,0.498189,260.079404,0.000000
P,e-puck(5),0.270337,0.496910,260.079443,0.000000
P,e-puck(5),0.270114,0.495637,260.079483,0.000000
P,e-puck(5),0.269893,0.494371,260.079526,0.000000
P,e-puck(5),0.269672,0.493112,260.079570,0.000000
P,e-puck(5),0.269455,0.491860,260.071633,0.000000
P,e-puck(5),0.269243,0.490616,260.032377,0.000000
P,e-puck(5),0.269035,0.489378,259.975804,0.000000
P,e-puck(5),0.268828,0.488147,259.911279,0.000000
P,e-puck(5),0.268621,0.486924,259.843479,0.000000
P,e-puck(5),0.268414,0.485708,259.775014,0.000000
P,e-puck(5),0.268207,0.484498,259.705354,0.000000
P,e-puck(5),0.267999,0.483294,259.636173,0.000000
P,e-puck(5),0.267790,0.482093,259.566488,0.000000
P,e-puck(5),0.267581,0.480894,259.495414,0.000000
P,e-puck(5),0.267370,0.479696,259.423538,0.000000
P,e-puck(5),0.267157,0.478497,259.352855,0.000000
P,e-puck(5),0.266942,0.477295,259.282744,0.000000
P,e-puck(5),0.266725,0.476089,259.211632,0.000000
P,e-puck(5),0.266506,0.474877,259.139654,0.000000
P,e-puck(5),0.266284,0.473659,259.067566,0.000000
P,e-puck(5),0.266058,0.472434,258.997361,0.000000
P,e-puck(5),0.265830,0.471203,258.926796,0.000000
P,e-puck(5),0.265600,0.469965,258.853731,0.000000
P,e-puck(5),0.265366,0.468722,258.781421,0.000000
P,e-puck(5),0.265130,0.467475,258.707530,0.000000
P,e-puck(5),0.264892,0.466224,258.634595,0.000000
P,e-puck(5),0.264704,0.464967,258.235211,0.000000
P,e-puck(5),0.264614,0.464023,257.573088,0.000000
P,e-puck(5),0.264652,0.463312,256.385261,0.000000
P,e-puck(5),0.264780,0.462767,254.814124,0.000000
P,e-puck(5),0.264989,0.462361,252.906989,0.000000
P,e-puck(5),0.265253,0.462041,250.775284,0.000000
P,e-puck(5),0.265648,0.461890,248.195519,0.000000
P,e-puck(5),0.265985,0.461747,245.970628,0.000000
P,e-puck(5),0.266147,0.461411,244.240507,0.000000
P,e-puck(5),0.266001,0.460667,243.060255,0.000000
P,e-puck(5),0.265700,0.459795,242.274116,0.000000
P,e-puck(5),0.265292,0.458841,241.750440,0.000000
P,e-puck(5),0.264681,0.457709,241.751686,0.000000
P,e-puck(5),0.264066,0.456567,241.752856,0.000000
P,e-puck(5),0.263447,0.455419,241.753834,0.000000
P,e-puck(5),0.262826,0.454265,241.754600,0.000000
P,e-puck(5),0.262204,0.453106,241.755172,0.000000
P,e-puck(5),0.261580,0.451946,241.755578,0.000000
P,e-puck(5),0.260971,0.450779,241.653691,0.000000
P,e-puck(5),0.260393,0.449660,241.509919,0.000000
P,e-puck(5),0.259838,0.448595,241.378559,0.000000
P,e-puck(5),0.259300,0.447540,241.167263,0.000000
P,e-puck(5),0.258780,0.446512,240.912706,0.000000
P,e-puck(5),0.258254,0.445495,240.689367,0.000000
P,e-puck(5),0.257730,0.444482,240.437499,0.000000
P,e-puck(5),0.257203,0.443476,240.192183,0.000000
P,e-puck(5),0.256669,0.442477,239.976295,0.000000
P,e-puck(5),0.256129,0.441481,239.780224,0.000000
P,e-puck(5),0.255582,0.440486,239.595514,0.000000
P,e-puck(5),0.255034,0.439485,239.384357,0.000000
P,e-puck(5),0.254460,0.438463,239.214007,0.000000
P,e-puck(5),0.253873,0.437414,239.003289,0.000000
P,e-puck(5),0.253285,0.436356,238.743857,0.000000
P,e-puck(5),0.252688,0.435298,238.497165,0.000000
P,e-puck(5),0.252085,0.434243,238.257130,0.000000
P,e-puck(5),0.251476,0.433193,238.034014,0.000000
P,e-puck(5),0.250860,0.432152,237.849563,0.000000
P,e-puck(5),0.250254,0.431128,237.642033,0.000000
P,e-puck(5),0.249661,0.430127,237.412519,0.000000
P,e-puck(5),0.249072,0.429133,237.164087,0.000000
P,e-puck(5),0.248478,0.428150,236.942686,0.000000
P,e-puck(5),0.247881,0.427174,236.736475,0.000000
P,e-puck(5),0.247281,0.426203,236.536001,0.000000
P,e-puck(5),0.246681,0.425233,236.316330,0.000000
P,e-puck(5),0.246074,0.424266,236.117512,0.000000
P,e-puck(5),0.245470,0.423294,235.858252,0.000000
P,e-puck(5),0.244855,0.422324,235.629997,0.000000
P,e-puck(5),0.244241,0.421349,235.351231,0.000000
P,e-puck(5),0.243619,0.420373,235.075752,0.000000
P,e-puck(5),0.242989,0.419399,234.816369,0.000000
P,e-puck(5),0.242350,0.418426,234.567642,0.000000
P,e-puck(5),0.241705,0.417455,234.328715,0.000000
P,e-puck(5),0.241050,0.416487,234.122726,0.000000
P,e-puck(5),0.240388,0.415520,233.925141,0.000000
P,e-puck(5),0.239727,0.414550,233.692498,0.000000
P,e-puck(5),0.239056,0.413583,233.483138,0.000000
P,e-puck(5),0.238384,0.412614,233.251980,0.000000
P,e-puck(5),0.237711,0.411645,232.988427,0.000000
P,e-puck(5),0.237029,0.410681,232.762006,0.000000
P,e-puck(5),0.236351,0.409717,232.484240,0.000000
P,e-puck(5),0.235673,0.408757,232.179909,0.000000
P,e-puck(5),0.234993,0.407806,231.883027,0.000000
P,e-puck(5),0.234310,0.406875,231.642159,0.000000
P,e-puck(5),0.233630,0.405951,231.380820,0.000000
P,e-puck(5),0.232946,0.405039,231.156828,0.000000
P,e-puck(5),0.232266,0.404133,230.910514,0.000000
P,e-puck(5),0.231583,0.403234,230.670499,0.000000
P,e-puck(5),0.230899,0.402341,230.433034,0.000000
P,e-puck(5),0.230210,0.401452,230.208408,0.000000
P,e-puck(5),0.229513,0.400566,230.005074,0.000000
P,e-puck(5),0.228809,0.399680,229.811527,0.000000
P,e-puck(5),0.228068,0.398754,229.611459,0.000000
P,e-puck(5),0.227317,0.397826,229.429079,0.000000
P,e-puck(5),0.226557,0.396896,229.247491,0.000000
P,e-puck(5),0.225791,0.395963,229.067511,0.000000
P,e-puck(5),0.225018,0.395028,228.884800,0.000000
P,e-puck(5),0.224241,0.394093,228.694110,0.000000
P,e-puck(5),0.223460,0.393158,228.500342,0.000000
P,e-puck(5),0.222679,0.392223,228.277485,0.000000
P,e-puck(5),0.221897,0.391293,228.050810,0.000000
P,e-puck(5),0.221115,0.390370,227.822054,0.000000
P,e-puck(5),0.220306,0.389478,227.822120,0.000000
P,e-puck(5),0.219499,0.388589,227.822277,0.000000
P,e-puck(5),0.218691,0.387698,227.822406,0.000000
P,e-puck(5),0.217854,0.386775,227.822545,0.000000
P,e-puck(5),0.216987,0.385818,227.822731,0.000000
P,e-puck(5),0.216116,0.384856,227.822897,0.000000
P,e-puck(5),0.215240,0.383890,227.823040,0.000000
P,e-puck(5),0.214361,0.382920,227.823155,0.000000
P,e-puck(5),0.213480,0.381948,227.823244,0.000000
P,e-puck(5),0.212599,0.380975,227.823306,0.000000
P,e-puck(5),0.211718,0.380003,227.823344,0.000000
P,e-puck(5),0.210839,0.379033,227.823365,0.000000
P,e-puck(5),0.209963,0.378066,227.823374,0.000000
P,e-puck(5),0.209092,0.377104,227.823378,0.000000
P,e-puck(5),0.208224,0.376147,227.823386,0.000000
P,e-puck(5),0.207362,0.375195,227.823400,0.000000
P,e-puck(5),0.206506,0.374249,227.823424,0.000000
P,e-puck(5),0.205654,0.373309,227.823455,0.000000
P,e-puck(5),0.204807,0.372375,227.823491,0.000000
P,e-puck(5),0.203964,0.371444,227.823526,0.000000
P,e-puck(5),0.203123,0.370517,227.823554,0.000000
P,e-puck(5),0.202285,0.369591,227.823570,0.000000
P,e-puck(5),0.201447,0.368666,227.823574,0.000000
P,e-puck(5),0.200608,0.367740,227.823564,0.000000
P,e-puck(5),0.199767,0.366812,227.823545,0.000000
P,e-puck(5),0.198924,0.365881,227.823521,0.000000
P,e-puck(5),0.198076,0.364945,227.823499,0.000000
P,e-puck(5),0.197220,0.364001,227.823491,0.000000
P,e-puck(5),0.196357,0.363048,227.823500,0.000000
P,e-puck(5),0.195489,0.362090,227.823517,0.000000
P,e-puck(5),0.194616,0.361127,227.823538,0.000000
P,e-puck(5),0.193740,0.360160,227.823557,0.000000
P,e-puck(5),0.192862,0.359191,227.823570,0.000000
P,e-puck(5),0.191982,0.358220,227.823572,0.000000
P,e-puck(5),0.191102,0.357248,227.823562,0.000000
P,e-puck(5),0.190223,0.356278,227.823540,0.000000
P,e-puck(5),0.189347,0.355311,227.823509,0.000000
P,e-puck(5),0.188473,0.354346,227.823475,0.000000
P,e-puck(5),0.187604,0.353387,227.823442,0.000000
P,e-puck(5),0.186739,0.352432,227.823416,0.000000
P,e-puck(5),0.185879,0.351483,227.823398,0.000000
P,e-puck(5),0.185024,0.350540,227.823390,0.000000
P,e-puck(5),0.184174,0.349602,227.823390,0.000000
P,e-puck(5),0.183328,0.348668,227.823392,0.000000
P,e-puck(5),0.182486,0.347738,227.823392,0.000000
P,e-puck(5),0.181646,0.346811,227.823384,0.000000
P,e-puck(5),0.180808,0.345886,227.823365,0.000000
P,e-puck(5),0.179969,0.344960,227.823334,0.000000
P,e-puck(5),0.179130,0.344034,227.823292,0.000000
P,e-puck(5),0.178288,0.343104,227.823243,0.000000
P,e-puck(5),0.177442,0.342172,227.823193,0.000000
P,e-puck(5),0.176593,0.341234,227.823147,0.000000
P,e-puck(5),0.175736,0.340289,227.823116,0.000000
P,e-puck(5),0.174872,0.339335,227.823104,0.000000
P,e-puck(5),0.174003,0.338376,227.823101,0.000000
P,e-puck(5),0.173131,0.337412,227.823103,0.000000
P,e-puck(5),0.172255,0.336445,227.823104,0.000000
P,e-puck(5),0.171376,0.335476,227.823100,0.000000
P,e-puck(5),0.170497,0.334505,227.823087,0.000000
P,e-puck(5),0.169618,0.333535,227.823065,0.000000
P,e-puck(5),0.168782,0.332532,227.480725,0.000000
P,e-puck(5),0.168199,0.331761,226.902269,0.000000
P,e-puck(5),0.167754,0.331072,225.987559,0.000000
P,e-puck(5),0.167498,0.330494,224.623768,0.000000
P,e-puck(5),0.167413,0.330010,222.856019,0.000000
P,e-puck(5),0.167440,0.329585,220.818535,0.000000
P,e-puck(5),0.167708,0.329261,218.241837,0.000000
P,e-puck(5),0.167967,0.328928,215.664007,0.000000
P,e-puck(5),0.168217,0.328588,213.086154,0.000000
P,e-puck(5),0.168455,0.328239,210.508737,0.000000
P,e-puck(5),0.168683,0.327881,207.931909,0.000000
P,e-puck(5),0.168881,0.327542,205.559474,0.000000
P,e-puck(5),0.168942,0.327174,203.393317,0.000000
P,e-puck(5),0.168905,0.326695,200.818552,0.000000
P,e-puck(5),0.168952,0.326261,198.243503,0.000000
P,e-puck(5),0.169091,0.325864,195.668685,0.000000
P,e-puck(5),0.169220,0.325460,193.094094,0.000000
P,e-puck(5),0.169339,0.325051,190.519750,0.000000
P,e-puck(5),0.169443,0.324636,187.945646,0.000000
P,e-puck(5),0.169532,0.324217,185.371761,0.000000
P,e-puck(5),0.169603,0.323793,182.798076,0.000000
P,e-puck(5),0.169652,0.323365,180.224572,0.000000
P,e-puck(5),0.169679,0.322936,177.651228,0.000000
P,e-puck(5),0.169679,0.322502,175.058239,0.000000
P,e-puck(5),0.169611,0.322070,172.456990,0.000000
P,e-puck(5),0.169515,0.321644,169.864033,0.000000
P,e-puck(5),0.169395,0.321226,167.275853,0.000000
P,e-puck(5),0.169253,0.320816,164.690621,0.000000
P,e-puck(5),0.169089,0.320415,162.107391,0.000000
P,e-puck(5),0.168909,0.320024,159.525615,0.000000
P,e-puck(5),0.168713,0.319641,156.944942,0.000000
P,e-puck(5),0.168504,0.319266,154.365135,0.000000
P,e-puck(5),0.168285,0.318900,151.786022,0.000000
P,e-puck(5),0.168057,0.318540,149.207472,0.000000
P,e-puck(5),0.167834,0.318178,146.629363,0.000000
P,e-puck(5),0.167603,0.317821,144.051634,0.000000
P,e-puck(5),0.167362,0.317470,141.474239,0.000000
P,e-puck(5),0.167110,0.317125,138.897138,0.000000
P,e-puck(5),0.166847,0.316787,136.320305,0.000000
P,e-puck(5),0.166570,0.316459,133.743715,0.000000
P,e-puck(5),0.166279,0.316142,131.167347,0.000000
P,e-puck(5),0.165972,0.315838,128.591179,0.000000
P,e-puck(5),0.165649,0.315551,126.015189,0.000000
P,e-puck(5),0.165310,0.315282,123.439354,0.000000
P,e-puck(5),0.164942,0.315056,120.863617,0.000000
P,e-puck(5),0.164561,0.314853,118.287998,0.000000
P,e-puck(5),0.164168,0.314672,115.712496,0.000000
P,e-puck(5),0.163767,0.314514,113.137109,0.000000
P,e-puck(5),0.163358,0.314378,110.561834,0.000000
P,e-puck(5),0.162943,0.314263,107.986669,0.000000
P,e-puck(5),0.162524,0.314168,105.411609,0.000000
P,e-puck(5),0.162102,0.314091,102.836648,0.000000
P,e-puck(5),0.161679,0.314030,100.261782,0.000000
P,e-puck(5),0.161254,0.313985,97.687006,0.000000
P,e-puck(5),0.160829,0.313953,95.112318,0.000000
P,e-puck(5),0.160404,0.313935,92.537716,0.000000
P,e-puck(5),0.160065,0.313785,90.452655,0.000000
P,e-puck(5),0.159816,0.313240,88.925616,0.000000
P,e-puck(5),0.159628,0.312454,87.909077,0.000000
P,e-puck(5),0.159480,0.311497,87.250090,0.000000
P,e-puck(5),0.159353,0.310431,86.815174,0.000000
P,e-puck(5),0.159280,0.309148,86.817105,0.000000
P,e-puck(5),0.159207,0.307856,86.818659,0.000000
P,e-puck(5),0.159134,0.306556,86.819845,0.000000
P,e-puck(5),0.159061,0.305250,86.820722,0.000000
P,e-puck(5),0.158988,0.303940,86.821353,0.000000
P,e-puck(5),0.158915,0.302627,86.821798,0.000000
P,e-puck(5),0.158842,0.301314,86.822105,0.000000
P,e-puck(5),0.158769,0.300003,86.822312,0.000000
P,e-puck(5),0.158696,0.298696,86.822449,0.000000
P,e-puck(5),0.158624,0.297395,86.822536,0.000000
P,e-puck(5),0.158552,0.296100,86.822591,0.000000
P,e-puck(5),0.158481,0.294818,86.822626,0.000000
P,e-puck(5),0.158411,0.293547,86.822647,0.000000
P,e-puck(5),0.158340,0.292285,86.822660,0.000000
P,e-puck(5),0.158271,0.291030,86.822667,0.000000
P,e-puck(5),0.158201,0.289780,86.822671,0.000000
P,e-puck(5),0.158132,0.288535,86.822673,0.000000
P,e-puck(5),0.158063,0.287292,86.822675,0.000000
P,e-puck(5),0.157994,0.286049,86.822676,0.000000
P,e-puck(5),0.157925,0.284804,86.822676,0.000000
P,e-puck(5),0.157856,0.283556,86.822675,0.000000
P,e-puck(5),0.157786,0.282302,86.822674,0.000000
P,e-puck(5),0.157716,0.281032,86.822674,0.000000
P,e-puck(5),0.157644,0.279746,86.822678,0.000000
P,e-puck(5),0.157573,0.278453,86.822681,0.000000
P,e-puck(5),0.157501,0.277154,86.822685,0.000000
P,e-puck(5),0.157428,0.275850,86.822690,0.000000
P,e-puck(5),0.157356,0.274543,86.822696,0.000000
P,e-puck(5),0.157283,0.273235,86.822701,0.000000
P,e-puck(5),0.157211,0.271927,86.822707,0.000000
P,e-puck(5),0.157138,0.270621,86.822712,0.000000
P,e-puck(5),0.157066,0.269319,86.822718,0.000000
P,e-puck(5),0.156994,0.268022,86.822723,0.000000
P,e-puck(5),0.156922,0.266731,86.822727,0.000000
P,e-puck(5),0.156851,0.265447,86.822731,0.000000
P,e-puck(5),0.156780,0.264170,86.822736,0.000000
P,e-puck(5),0.156710,0.262901,86.822743,0.000000
P,e-puck(5),0.156639,0.261638,86.822751,0.000000
P,e-puck(5),0.156570,0.260381,86.822762,0.000000
P,e-puck(5),0.156500,0.259128,86.822775,0.000000
P,e-puck(5),0.156431,0.257878,86.822790,0.000000
P,e-puck(5),0.156362,0.256630,86.822806,0.000000
P,e-puck(5),0.156292,0.255381,86.822820,0.000000
P,e-puck(5),0.156223,0.254130,86.822834,0.000000
P,e-puck(5),0.156153,0.252874,86.822847,0.000000
P,e-puck(5),0.156083,0.251614,86.822861,0.000000
P,e-puck(5),0.156013,0.250347,86.822876,0.000000
P,e-puck(5),0.155942,0.249074,86.822892,0.000000
P,e-puck(5),0.155871,0.247793,86.822909,0.000000
P,e-puck(5),0.155800,0.246505,86.822927,0.000000
P,e-puck(5),0.155728,0.245210,86.822946,0.000000
P,e-puck(5),0.155656,0.243910,86.822966,0.000000
P,e-puck(5),0.155583,0.242606,86.822984,0.000000
P,e-puck(5),0.155511,0.241299,86.823001,0.000000
P,e-puck(5),0.155438,0.239990,86.823017,0.000000
P,e-puck(5),0.155365,0.238683,86.823031,0.000000
P,e-puck(5),0.155293,0.237379,86.823043,0.000000
P,e-puck(5),0.155221,0.236078,86.823055,0.000000
P,e-puck(5),0.155149,0.234783,86.823065,0.000000
P,e-puck(5),0.155077,0.233494,86.823076,0.000000
P,e-puck(5),0.155006,0.232213,86.823087,0.000000
P,e-puck(5),0.154936,0.230939,86.823100,0.000000
P,e-puck(5),0.154865,0.229672,86.823116,0.000000
P,e-puck(5),0.154795,0.228411,86.823134,0.000000
P,e-puck(5),0.154726,0.227156,86.823152,0.000000
P,e-puck(5),0.154656,0.225906,86.823170,0.000000
P,e-puck(5),0.154587,0.224657,86.823187,0.000000
P,e-puck(5),0.154518,0.223410,86.823202,0.000000
P,e-puck(5),0.154448,0.222161,86.823215,0.000000
P,e-puck(5),0.154379,0.220910,86.823226,0.000000
P,e-puck(5),0.154309,0.219655,86.823235,0.000000
P,e-puck(5),0.154239,0.218394,86.823242,0.000000
P,e-puck(5),0.154169,0.217127,86.823246,0.000000
P,e-puck(5),0.154098,0.215846,86.823250,0.000000
P,e-puck(5),0.154026,0.214559,86.823252,0.000000
P,e-puck(5),0.153954,0.213265,86.823253,0.000000
P,e-puck(5),0.153882,0.211965,86.823252,0.000000
P,e-puck(5),0.153810,0.210662,86.823250,0.000000
P,e-puck(5),0.153737,0.209356,86.823247,0.000000
P,e-puck(5),0.153665,0.208048,86.823241,0.000000
P,e-puck(5),0.153592,0.206742,86.823232,0.000000
P,e-puck(5),0.153520,0.205438,86.823219,0.000000
P,e-puck(5),0.153448,0.204138,86.823202,0.000000
P,e-puck(5),0.153376,0.202842,86.823182,0.000000
P,e-puck(5),0.153304,0.201553,86.823161,0.000000
P,e-puck(5),0.153233,0.200271,86.823138,0.000000
P,e-puck(5),0.153162,0.198996,86.823116,0.000000
P,e-puck(5),0.153092,0.197727,86.823093,0.000000
P,e-puck(5),0.153022,0.196465,86.823071,0.000000
P,e-puck(5),0.152952,0.195208,86.823049,0.000000
P,e-puck(5),0.152883,0.193955,86.823028,0.000000
P,e-puck(5),0.152813,0.192704,86.823007,0.000000
P,e-puck(5),0.152744,0.191454,86.822987,0.000000
P,e-puck(5),0.152674,0.190204,86.822968,0.000000
P,e-puck(5),0.152605,0.188950,86.822949,0.000000
P,e-puck(5),0.152535,0.187693,86.822931,0.000000
P,e-puck(5),0.152465,0.186431,86.822912,0.000000
P,e-puck(5),0.152394,0.185163,86.822894,0.000000
P,e-puck(5),0.152324,0.183888,86.822877,0.000000
P,e-puck(5),0.152252,0.182606,86.822862,0.000000
P,e-puck(5),0.152181,0.181317,86.822847,0.000000
P,e-puck(5),0.151963,0.180876,85.947222,0.000000
P,e-puck(5),0.151785,0.180356,85.608251,0.000000
P,e-puck(5),0.151686,0.179852,85.630119,0.000000
P,e-puck(5),0.151588,0.179352,85.644384,0.000000
P,e-puck(5),0.151490,0.178844,85.653584,0.000000
P,e-puck(5),0.151393,0.178330,85.659284,0.000000
P,e-puck(5),0.151296,0.177810,85.662834,0.000000
P,e-puck(5),0.151199,0.177284,85.664983,0.000000
P,e-puck(5),0.151102,0.176750,85.666219,0.000000
P,e-puck(5),0.151006,0.176208,85.666863,0.000000
P,e-puck(5),0.150909,0.175659,85.667123,0.000000
P,e-puck(5),0.150812,0.175101,85.667134,0.000000
P,e-puck(5),0.150716,0.174535,85.666984,0.000000
P,e-puck(5),0.150619,0.173961,85.666696,0.000000
P,e-puck(5),0.150522,0.173378,85.666324,0.000000
P,e-puck(5),0.150426,0.172786,85.665919,0.000000
P,e-puck(5),0.150329,0.172185,85.665493,0.000000
P,e-puck(5),0.150232,0.171575,85.665053,0.000000
P,e-puck(5),0.150135,0.170956,85.664605,0.000000
P,e-puck(5),0.150039,0.170327,85.664151,0.000000
P,e-puck(5),0.149942,0.169688,85.663693,0.000000
P,e-puck(5),0.149845,0.169039,85.663232,0.000000
P,e-puck(5),0.149749,0.168380,85.662804,0.000000
P,e-puck(5),0.149652,0.167711,85.662390,0.000000
P,e-puck(5),0.149555,0.167030,85.661965,0.000000
P,e-puck(5),0.149458,0.166340,85.661532,0.000000
P,e-puck(5),0.149362,0.165637,85.661092,0.000000
P,e-puck(5),0.149265,0.164924,85.660647,0.000000
P,e-puck(5),0.149168,0.164199,85.660135,0.000000
P,e-puck(5),0.149071,0.163451,85.659638,0.000000
P,e-puck(5),0.148974,0.162678,85.659145,0.000000
P,e-puck(5),0.148878,0.161878,85.658654,0.000000
P,e-puck(5),0.148781,0.161050,85.658163,0.000000
P,e-puck(5),0.148684,0.160194,85.657669,0.000000
P,e-puck(5),0.148587,0.159308,85.657173,0.000000
P,e-puck(5),0.148491,0.158392,85.656673,0.000000
P,e-puck(5),0.148394,0.157445,85.656169,0.000000
P,e-puck(5),0.148297,0.156466,85.655660,0.000000
P,e-puck(5),0.148200,0.155452,85.655144,0.000000
P,e-puck(5),0.148103,0.154403,85.654622,0.000000
P,e-puck(5),0.148006,0.153318,85.654093,0.000000
P,e-puck(5),0.147910,0.152193,85.653556,0.000000
P,e-puck(5),0.147813,0.151028,85.653010,0.000000
P,e-puck(5),0.147716,0.149819,85.650398,0.000000
P,e-puck(5),0.147616,0.148566,85.628886,0.000000
P,e-puck(5),0.147518,0.147286,85.628946,0.000000
P,e-puck(5),0.147418,0.146001,85.628982,0.000000
P,e-puck(5),0.147319,0.144708,85.629017,0.000000
P,e-puck(5),0.147219,0.143409,85.629051,0.000000
P,e-puck(5),0.147119,0.142103,85.629081,0.000000
P,e-puck(5),0.147018,0.140794,85.629107,0.000000
P,e-puck(5),0.146918,0.139483,85.629130,0.000000
P,e-puck(5),0.146818,0.138172,85.629147,0.000000
P,e-puck(5),0.146718,0.136864,85.629162,0.000000
P,e-puck(5),0.146618,0.135559,85.629173,0.000000
P,e-puck(5),0.146519,0.134260,85.629184,0.000000
P,e-puck(5),0.146420,0.132969,85.629193,0.000000
P,e-puck(5),0.146322,0.131688,85.629205,0.000000
P,e-puck(5),0.146225,0.130419,85.629219,0.000000
P,e-puck(5),0.146129,0.129157,85.629236,0.000000
P,e-puck(5),0.146033,0.127903,85.629256,0.000000
P,e-puck(5),0.145937,0.126654,85.629275,0.000000
P,e-puck(5),0.145842,0.125410,85.629294,0.000000
P,e-puck(5),0.145747,0.124168,85.629311,0.000000
P,e-puck(5),0.145652,0.122926,85.629325,0.000000
P,e-puck(5),0.145557,0.121683,85.629337,0.000000
P,e-puck(5),0.145462,0.120436,85.629345,0.000000
P,e-puck(5),0.145366,0.119184,85.629352,0.000000
P,e-puck(5),0.145269,0.117917,85.629359,0.000000
P,e-puck(5),0.145171,0.116634,85.629369,0.000000
P,e-puck(5),0.145073,0.115344,85.629376,0.000000
P,e-puck(5),0.144974,0.114049,85.629381,0.000000
P,e-puck(5),0.144874,0.112749,85.629383,0.000000
P,e-puck(5),0.144775,0.111445,85.629383,0.000000
P,e-puck(5),0.144675,0.110140,85.629380,0.000000
P,e-puck(5),0.144575,0.108834,85.629375,0.000000
P,e-puck(5),0.144476,0.107530,85.629368,0.000000
P,e-puck(5),0.144376,0.106230,85.629357,0.000000
P,e-puck(5),0.144277,0.104934,85.629344,0.000000
P,e-puck(5),0.144178,0.103644,85.629327,0.000000
P,e-puck(5),0.144080,0.102361,85.629309,0.000000
P,e-puck(5),0.143983,0.101084,85.629290,0.000000
P,e-puck(5),0.143886,0.099815,85.629270,0.000000
P,e-puck(5),0.143789,0.098552,85.629251,0.000000
P,e-puck(5),0.143693,0.097295,85.629230,0.000000
P,e-puck(5),0.143597,0.096042,85.629209,0.000000
P,e-puck(5),0.143502,0.094792,85.629187,0.000000
P,e-puck(5),0.143406,0.093544,85.629165,0.000000
P,e-puck(5),0.143311,0.092296,85.629142,0.000000
P,e-puck(5),0.143215,0.091046,85.629119,0.000000
P,e-puck(5),0.143120,0.089793,85.629098,0.000000
P,e-puck(5),0.143023,0.088535,85.629078,0.000000
P,e-puck(5),0.142927,0.087271,85.629059,0.000000
P,e-puck(5),0.142830,0.086000,85.629041,0.000000
P,e-puck(5),0.142732,0.084723,85.629025,0.000000
P,e-puck(5),0.142634,0.083438,85.629010,0.000000
P,e-puck(5),0.142535,0.082147,85.628997,0.000000
P,e-puck(5),0.142436,0.080851,85.628984,0.000000
P,e-puck(5),0.142337,0.079550,85.628971,0.000000
P,e-puck(5),0.142237,0.078247,85.628957,0.000000
P,e-puck(5),0.142137,0.076942,85.628942,0.000000
P,e-puck(5),0.142038,0.075637,85.628926,0.000000
P,e-puck(5),0.141938,0.074334,85.628910,0.000000
P,e-puck(5),0.141839,0.073036,85.628893,0.000000
P,e-puck(5),0.141740,0.071742,85.628877,0.000000
P,e-puck(5),0.141641,0.070454,85.628862,0.000000
P,e-puck(5),0.141543,0.069173,85.628848,0.000000
P,e-puck(5),0.141446,0.067898,85.628837,0.000000
P,e-puck(5),0.141349,0.066631,85.628829,0.000000
P,e-puck(5),0.141253,0.065371,85.628821,0.000000
P,e-puck(5),0.141157,0.064115,85.628815,0.000000
P,e-puck(5),0.141061,0.062865,85.628811,0.000000
P,e-puck(5),0.140966,0.061617,85.628809,0.000000
P,e-puck(5),0.140871,0.060370,85.628807,0.000000
P,e-puck(5),0.140775,0.059123,85.628806,0.000000
P,e-puck(5),0.140680,0.057873,85.628804,0.000000
P,e-puck(5),0.140584,0.056620,85.628802,0.000000
P,e-puck(5),0.140488,0.055362,85.628801,0.000000
P,e-puck(5),0.140391,0.054097,85.628799,0.000000
P,e-puck(5),0.140294,0.052824,85.628798,0.000000
P,e-puck(5),0.140196,0.051543,85.628800,0.000000
P,e-puck(5),0.140097,0.050254,85.628804,0.000000
P,e-puck(5),0.139999,0.048960,85.628811,0.000000
P,e-puck(5),0.139899,0.047661,85.628819,0.000000
P,e-puck(5),0.139800,0.046358,85.628827,0.000000
P,e-puck(5),0.139700,0.045054,85.628835,0.000000
P,e-puck(5),0.139600,0.043749,85.628843,0.000000
P,e-puck(5),0.139501,0.042445,85.628850,0.000000
P,e-puck(5),0.139401,0.041145,85.628853,0.000000
P,e-puck(5),0.139302,0.039849,85.628855,0.000000
P,e-puck(5),0.139204,0.038558,85.628857,0.000000
P,e-puck(5),0.139105,0.037273,85.628860,0.000000
P,e-puck(5),0.139008,0.035996,85.628866,0.000000
P,e-puck(5),0.138911,0.034725,85.628874,0.000000
P,e-puck(5),0.138814,0.033461,85.628886,0.000000
P,e-puck(5),0.138718,0.032202,85.628902,0.000000
P,e-puck(5),0.138622,0.030948,85.628920,0.000000
P,e-puck(5),0.138526,0.029698,85.628937,0.000000
P,e-puck(5),0.138431,0.028449,85.628953,0.000000
P,e-puck(5),0.138335,0.027200,85.628968,0.000000
P,e-puck(5),0.138240,0.025950,85.628982,0.000000
P,e-puck(5),0.138144,0.024697,85.628995,0.000000
P,e-puck(5),0.138048,0.023439,85.629009,0.000000
P,e-puck(5),0.137951,0.022176,85.629023,0.000000
P,e-puck(5),0.137854,0.020907,85.629038,0.000000
P,e-puck(5),0.137757,0.019630,85.629054,0.000000
P,e-puck(5),0.137659,0.018347,85.629072,0.000000
P,e-puck(5),0.137560,0.017058,85.629091,0.000000
P,e-puck(5),0.137461,0.015762,85.629110,0.000000
P,e-puck(5),0.137362,0.014463,85.629129,0.000000
P,e-puck(5),0.137262,0.013160,85.629146,0.000000
P,e-puck(5),0.137163,0.011856,85.629162,0.000000
P,e-puck(5),0.137063,0.010552,85.629175,0.000000
P,e-puck(5),0.136985,0.009249,85.751116,0.000000
P,e-puck(5),0.136973,0.008084,86.184179,0.000000
P,e-puck(5),0.137071,0.007264,87.064996,0.000000
P,e-puck(5),0.137290,0.006711,88.510580,0.000000
P,e-puck(5),0.137591,0.006344,90.333016,0.000000
P,e-puck(5),0.137944,0.006109,92.406948,0.000000
P,e-puck(5),0.138375,0.006139,94.983728,0.000000
P,e-puck(5),0.138808,0.006198,97.578643,0.000000
P,e-puck(5),0.139235,0.006284,100.171802,0.000000
P,e-puck(5),0.139656,0.006395,102.762163,0.000000
P,e-puck(5),0.140069,0.006528,105.349399,0.000000
P,e-puck(5),0.140278,0.006854,107.088101,0.000000
P,e-puck(5),0.140239,0.007627,108.245395,0.000000
P,e-puck(5),0.140067,0.008549,109.015815,0.000000
P,e-puck(5),0.139804,0.009562,109.528827,0.000000
P,e-puck(5),0.139371,0.010776,109.526769,0.000000
P,e-puck(5),0.138936,0.011998,109.525108,0.000000
P,e-puck(5),0.138499,0.013228,109.523832,0.000000
P,e-puck(5),0.138103,0.014473,109.794183,0.000000
P,e-puck(5),0.137886,0.015496,110.693736,0.000000
P,e-puck(5),0.137852,0.016141,111.927261,0.000000
P,e-puck(5),0.137922,0.016658,113.534341,0.000000
P,e-puck(5),0.137913,0.017143,114.678891,0.000000
P,e-puck(5),0.137762,0.017816,115.568015,0.000000
P,e-puck(5),0.137399,0.018793,116.160683,0.000000
P,e-puck(5),0.136820,0.019967,116.160493,0.000000
P,e-puck(5),0.136237,0.021150,116.159939,0.000000
P,e-puck(5),0.135779,0.022388,117.018157,0.000000
P,e-puck(5),0.135755,0.022936,118.448086,0.000000
P,e-puck(5),0.135852,0.023369,120.260499,0.000000
P,e-puck(5),0.135908,0.023778,121.833515,0.000000
P,e-puck(5),0.135760,0.024338,122.882575,0.000000
P,e-puck(5),0.135335,0.025201,123.581770,0.000000
P,e-puck(5),0.134809,0.026127,124.047677,0.000000
P,e-puck(5),0.134086,0.027192,124.047257,0.000000
P,e-puck(5),0.133360,0.028264,124.046597,0.000000
P,e-puck(5),0.132630,0.029342,124.045926,0.000000
P,e-puck(5),0.131897,0.030426,124.045337,0.000000
P,e-puck(5),0.131162,0.031513,124.044861,0.000000
P,e-puck(5),0.130676,0.032477,124.902672,0.000000
P,e-puck(5),0.130547,0.033064,126.332822,0.000000
P,e-puck(5),0.130885,0.033121,128.145674,0.000000
P,e-puck(5),0.131589,0.033379,130.246285,0.000000
P,e-puck(5),0.132089,0.033675,133.068795,0.000000
P,e-puck(5),0.132521,0.033965,135.892673,0.000000
P,e-puck(5),0.132906,0.034257,138.716815,0.000000
P,e-puck(5),0.133269,0.034650,141.052907,0.000000
P,e-puck(5),0.133631,0.035180,142.608115,0.000000
P,e-puck(5),0.133968,0.035784,143.643536,0.000000
P,e-puck(5),0.134263,0.036432,144.333222,0.000000
P,e-puck(5),0.135163,0.037178,144.331250,0.000000
P,e-puck(5),0.135747,0.037924,144.329669,0.000000
P,e-puck(5),0.136529,0.038671,144.328601,0.000000
P,e-puck(5),0.137004,0.039417,144.327833,0.000000
P,e-puck(5),0.137412,0.040160,144.327506,0.000000
P,e-puck(5),0.137350,0.040811,145.154341,0.000000
P,e-puck(5),0.137957,0.041170,144.767412,0.000000
P,e-puck(5),0.138192,0.041973,144.769158,0.000000
P,e-puck(5),0.138503,0.042750,144.770563,0.000000
P,e-puck(5),0.138870,0.043516,144.771438,0.000000
P,e-puck(5),0.139167,0.044271,144.772003,0.000000
P,e-puck(5),0.139388,0.045022,144.772292,0.000000
P,e-puck(5),0.139667,0.045764,144.772671,0.000000
P,e-puck(5),0.139897,0.046508,144.772780,0.000000
P,e-puck(5),0.140077,0.047249,144.772891,0.000000
P,e-puck(5),0.140390,0.047988,144.773199,0.000000
P,e-puck(5),0.140283,0.048676,145.098828,0.000000
P,e-puck(5),0.140908,0.049419,145.099723,0.000000
P,e-puck(5),0.141399,0.050152,145.100008,0.000000
P,e-puck(5),0.140430,0.051034,145.100212,0.000000
P,e-puck(5),0.140954,0.051406,145.734255,0.000000
P,e-puck(5),0.141582,0.052167,145.736421,0.000000
P,e-puck(5),0.142014,0.052913,145.737610,0.000000
P,e-puck(5),0.142211,0.053648,145.738338,0.000000
P,e-puck(5),0.142532,0.054497,145.738601,0.000000
P,e-puck(5),0.143098,0.055027,145.739446,0.000000
P,e-puck(5),0.141721,0.056327,145.742057,0.000000
P,e-puck(5),0.141820,0.056578,145.739575,0.000000
P,e-puck(5),0.141651,0.057051,145.741232,0.000000
P,e-puck(5),0.142697,0.057850,145.740744,0.000000
P,e-puck(5),0.143208,0.058695,145.740025,0.000000
P,e-puck(5),0.143935,0.059427,145.740106,0.000000
P,e-puck(5),0.143708,0.060143,145.740031,0.000000
P,e-puck(5),0.143349,0.060838,145.740561,0.000000
P,e-puck(5),0.143310,0.061397,145.741628,0.000000
P,e-puck(5),0.143327,0.062326,145.740113,0.000000
P,e-puck(5),0.143046,0.063033,145.740144,0.000000
P,e-puck(5),0.143469,0.063256,145.746814,0.000000
P,e-puck(5),0.142824,0.064159,145.312791,0.000000
P,e-puck(5),0.142694,0.064678,145.325099,0.000000
P,e-puck(5),0.143053,0.065213,145.784312,0.000000
P,e-puck(5),0.143707,0.065855,145.785981,0.000000
P,e-puck(5),0.144603,0.066526,145.787081,0.000000
P,e-puck(5),0.144968,0.067217,145.787546,0.000000
P,e-puck(5),0.145180,0.067918,145.787940,0.000000
P,e-puck(5),0.145304,0.068625,145.788126,0.000000
P,e-puck(5),0.145338,0.069338,145.788269,0.000000
P,e-puck(5),0.144751,0.070223,145.792054,0.000000
P,e-puck(5),0.144857,0.070163,145.794098,0.000000
P,e-puck(5),0.145268,0.070684,145.929973,0.000000
P,e-puck(5),0.145127,0.071466,145.929797,0.000000
P,e-puck(5),0.145289,0.072184,145.929929,0.000000
P,e-puck(5),0.144262,0.073292,145.937625,0.000000
P,e-puck(5),0.144651,0.073114,145.940470,0.000000
P,e-puck(5),0.144828,0.073783,145.940481,0.000000
P,e-puck(5),0.144366,0.074924,145.482871,0.000000
P,e-puck(5),0.144597,0.074682,145.228497,0.000000
P,e-puck(5),0.144677,0.075288,144.763521,0.000000
P,e-puck(5),0.143906,0.074719,144.785089,0.000000
P,e-puck(5),0.144165,0.075648,144.959730,0.000000
P,e-puck(5),0.143865,0.076681,144.972931,0.000000
P,e-puck(5),0.143185,0.076928,144.759735,0.000000
P,e-puck(5),0.144035,0.077631,144.766320,0.000000
P,e-puck(5),0.144050,0.077720,145.845753,0.000000
P,e-puck(5),0.144856,0.078283,145.855474,0.000000
P,e-puck(5),0.144710,0.078788,145.874520,0.000000
P,e-puck(5),0.145260,0.079315,145.882299,0.000000
P,e-puck(5),0.145352,0.080051,145.886948,0.000000
P,e-puck(5),0.145342,0.080782,145.889953,0.000000
P,e-puck(5),0.144925,0.081395,145.891299,0.000000
P,e-puck(5),0.144983,0.082323,145.892255,0.000000
P,e-puck(5),0.145089,0.082963,145.893310,0.000000
P,e-puck(5),0.144541,0.083680,145.893462,0.000000
P,e-puck(5),0.144343,0.084514,145.894228,0.000000
P,e-puck(5),0.144329,0.085009,146.834813,0.000000
P,e-puck(5),0.144168,0.085553,148.333498,0.000000
P,e-puck(5),0.144225,0.086115,149.869577,0.000000
P,e-puck(5),0.144168,0.086702,150.746175,0.000000
P,e-puck(5),0.144142,0.087253,152.059091,0.000000
P,e-puck(5),0.143714,0.087793,152.896831,0.000000
P,e-puck(5),0.143121,0.088362,153.182227,0.000000
P,e-puck(5),0.142498,0.088937,153.182164,0.000000
P,e-puck(5),0.141788,0.089511,153.222539,0.000000
P,e-puck(5),0.141026,0.090046,153.950760,0.000000
P,e-puck(5),0.140273,0.090644,155.248933,0.000000
P,e-puck(5),0.140187,0.090979,156.909218,0.000000
P,e-puck(5),0.139407,0.091503,158.016740,0.000000
P,e-puck(5),0.139104,0.091754,158.755472,0.000000
P,e-puck(5),0.138406,0.092316,159.293055,0.000000
P,e-puck(5),0.137303,0.092769,159.292851,0.000000
P,e-puck(5),0.136068,0.093233,159.292311,0.000000
P,e-puck(5),0.134681,0.093755,159.291756,0.000000
P,e-puck(5),0.133403,0.094240,159.300567,0.000000
P,e-puck(5),0.132236,0.094681,159.300050,0.000000
P,e-puck(5),0.131443,0.095036,159.619861,0.000000
P,e-puck(5),0.130401,0.095423,159.620025,0.000000
P,e-puck(5),0.129157,0.095956,160.034663,0.000000
P,e-puck(5),0.127880,0.096419,160.034780,0.000000
P,e-puck(5),0.126608,0.096880,160.034752,0.000000
P,e-puck(5),0.125413,0.097314,160.034590,0.000000
P,e-puck(5),0.124227,0.097744,160.034416,0.000000
P,e-puck(5),0.123049,0.098172,160.034259,0.000000
P,e-puck(5),0.121876,0.098598,160.034130,0.000000
P,e-puck(5),0.120728,0.099066,160.333656,0.000000
P,e-puck(5),0.119829,0.099481,160.892678,0.000000
P,e-puck(5),0.119218,0.099884,162.025442,0.000000
P,e-puck(5),0.118845,0.100278,163.639314,0.000000
P,e-puck(5),0.118626,0.100669,165.574349,0.000000
P,e-puck(5),0.118722,0.101079,168.151718,0.000000
P,e-puck(5),0.118808,0.101494,170.730259,0.000000
P,e-puck(5),0.118851,0.101776,172.448375,0.000000
P,e-puck(5),0.118104,0.102065,173.592292,0.000000
P,e-puck(5),0.117178,0.102293,174.354179,0.000000
P,e-puck(5),0.116137,0.102477,174.861754,0.000000
P,e-puck(5),0.114848,0.102591,174.860518,0.000000
P,e-puck(5),0.113551,0.102706,174.859379,0.000000
P,e-puck(5),0.112246,0.102822,174.858437,0.000000
P,e-puck(5),0.110936,0.102940,174.857702,0.000000
P,e-puck(5),0.109622,0.103057,174.857150,0.000000
P,e-puck(5),0.108308,0.103175,174.856750,0.000000
P,e-puck(5),0.106995,0.103293,174.856467,0.000000
P,e-puck(5),0.105686,0.103411,174.856275,0.000000
P,e-puck(5),0.104383,0.103528,174.856149,0.000000
P,e-puck(5),0.103088,0.103645,174.856069,0.000000
P,e-puck(5),0.101817,0.103759,174.856016,0.000000
P,e-puck(5),0.100555,0.103873,174.855983,0.000000
P,e-puck(5),0.099300,0.103986,174.855963,0.000000
P,e-puck(5),0.098052,0.104098,174.855953,0.000000
P,e-puck(5),0.096809,0.104210,174.855951,0.000000
P,e-puck(5),0.095569,0.104321,174.855954,0.000000
P,e-puck(5),0.094330,0.104433,174.855960,0.000000
P,e-puck(5),0.093286,0.104655,175.649795,0.000000
P,e-puck(5),0.092715,0.104922,177.037563,0.000000
P,e-puck(5),0.092335,0.105230,178.821551,0.000000
P,e-puck(5),0.091944,0.105431,180.011170,0.000000
P,e-puck(5),0.091047,0.105558,180.804248,0.000000
P,e-puck(5),0.090143,0.105712,181.844903,0.000000
P,e-puck(5),0.089436,0.105938,183.396873,0.000000
P,e-puck(5),0.089091,0.106222,185.290088,0.000000
P,e-puck(5),0.088746,0.106444,186.849108,0.000000
P,e-puck(5),0.088389,0.106713,188.746888,0.000000
P,e-puck(5),0.087858,0.106839,190.017415,0.000000
P,e-puck(5),0.087135,0.106992,191.722186,0.000000
P,e-puck(5),0.086595,0.107200,193.666565,0.000000
P,e-puck(5),0.086513,0.107612,196.248054,0.000000
P,e-puck(5),0.086422,0.108027,198.831294,0.000000
P,e-puck(5),0.086355,0.108307,200.553495,0.000000
P,e-puck(5),0.085556,0.108208,201.700817,0.000000
P,e-puck(5),0.084627,0.107971,202.464671,0.000000
P,e-puck(5),0.083620,0.107642,202.973325,0.000000
P,e-puck(5),0.082427,0.107134,202.971891,0.000000
P,e-puck(5),0.081225,0.106622,202.970639,0.000000
P,e-puck(5),0.080014,0.106108,202.969634,0.000000
P,e-puck(5),0.078798,0.105592,202.968859,0.000000
P,e-puck(5),0.077579,0.105075,202.968272,0.000000
P,e-puck(5),0.076359,0.104557,202.967828,0.000000
P,e-puck(5),0.075141,0.104041,202.967490,0.000000
P,e-puck(5),0.073927,0.103526,202.967233,0.000000
P,e-puck(5),0.072734,0.103021,202.967058,0.000000
P,e-puck(5),0.071563,0.102524,202.966958,0.000000
P,e-puck(5),0.070399,0.102031,202.966899,0.000000
P,e-puck(5),0.069241,0.101540,202.966866,0.000000
P,e-puck(5),0.068089,0.101052,202.966848,0.000000
P,e-puck(5),0.066940,0.100565,202.966835,0.000000
P,e-puck(5),0.065793,0.100079,202.966820,0.000000
P,e-puck(5),0.064647,0.099593,202.966800,0.000000
P,e-puck(5),0.063499,0.099107,202.966774,0.000000
P,e-puck(5),0.062348,0.098619,202.966744,0.000000
P,e-puck(5),0.061192,0.098129,202.966714,0.000000
P,e-puck(5),0.060022,0.097633,202.966700,0.000000
P,e-puck(5),0.059264,0.097110,203.056137,0.000000
P,e-puck(5),0.059263,0.096689,203.055935,0.000000
P,e-puck(5),0.059175,0.096165,203.055976,0.000000
P,e-puck(5),0.059405,0.095649,203.055998,0.000000
P,e-puck(5),0.059406,0.095138,203.056040,0.000000
P,e-puck(5),0.059349,0.094631,203.056042,0.000000
P,e-puck(5),0.059299,0.094125,203.056070,0.000000
P,e-puck(5),0.058945,0.093622,203.056082,0.000000
P,e-puck(5),0.058377,0.093118,203.056066,0.000000
P,e-puck(5),0.057589,0.092616,203.056033,0.000000
P,e-puck(5),0.056443,0.092114,203.056025,0.000000
P,e-puck(5),0.055263,0.091611,203.056035,0.000000
P,e-puck(5),0.054083,0.091109,203.056048,0.000000
P,e-puck(5),0.052903,0.090607,203.056064,0.000000
P,e-puck(5),0.051724,0.090105,203.056084,0.000000
P,e-puck(5),0.050545,0.089604,203.056108,0.000000
P,e-puck(5),0.049366,0.089102,203.056135,0.000000
P,e-puck(5),0.049723,0.088576,202.936988,0.000000
P,e-puck(5),0.050487,0.088077,202.936410,0.000000
P,e-puck(5),0.051042,0.087572,202.927389,0.000000
P,e-puck(5),0.050955,0.087057,202.927255,0.000000
P,e-puck(5),0.051513,0.086585,203.203469,0.000000
P,e-puck(5),0.051956,0.086019,203.203576,0.000000
P,e-puck(5),0.051745,0.085479,203.174256,0.000000
P,e-puck(5),0.052657,0.084778,202.588967,0.000000
P,e-puck(5),0.053184,0.084275,202.587276,0.000000
P,e-puck(5),0.053744,0.083776,202.586485,0.000000
P,e-puck(5),0.054237,0.083281,202.585853,0.000000
P,e-puck(5),0.054858,0.082786,202.585666,0.000000
P,e-puck(5),0.055257,0.082527,203.248998,0.000000
P,e-puck(5),0.056589,0.082342,203.239410,0.000000
P,e-puck(5),0.056379,0.082296,203.485915,0.000000
P,e-puck(5),0.056329,0.080930,203.830434,0.000000
P,e-puck(5),0.057060,0.081338,203.470478,0.000000
P,e-puck(5),0.057294,0.081338,203.461034,0.000000
P,e-puck(5),0.058095,0.081256,203.483504,0.000000
P,e-puck(5),0.058745,0.080631,205.173251,0.000000
P,e-puck(5),0.058563,0.081016,205.755832,0.000000
P,e-puck(5),0.059021,0.080863,205.797345,0.000000
P,e-puck(5),0.059247,0.080532,205.775056,0.000000
P,e-puck(5),0.058415,0.081328,205.361601,0.000000
P,e-puck(5),0.059431,0.080397,205.350797,0.000000
P,e-puck(5),0.059602,0.079940,205.804269,0.000000
P,e-puck(5),0.060155,0.079688,205.785572,0.000000
P,e-puck(5),0.060715,0.079171,205.655748,0.000000
P,e-puck(5),0.061263,0.078884,205.249118,0.000000
P,e-puck(5),0.061475,0.078305,205.055974,0.000000
P,e-puck(5),0.061812,0.078261,204.646878,0.000000
P,e-puck(5),0.062255,0.077711,203.903526,0.000000
P,e-puck(5),0.062005,0.077771,203.143219,0.000000
P,e-puck(5),0.062474,0.077290,202.832958,0.000000
P,e-puck(5),0.062883,0.076901,202.990201,0.000000
P,e-puck(5),0.062907,0.076589,202.988554,0.000000
P,e-puck(5),0.062786,0.076270,202.990189,0.000000
P,e-puck(5),0.063285,0.075849,202.990138,0.000000
P,e-puck(5),0.063371,0.075636,202.987585,0.000000
P,e-puck(5),0.062303,0.074831,203.460079,0.000000
P,e-puck(5),0.063694,0.075379,203.662342,0.000000
P,e-puck(5),0.063703,0.074895,204.009892,0.000000
P,e-puck(5),0.064148,0.074859,204.269791,0.000000
P,e-puck(5),0.064901,0.074739,204.414071,0.000000
P,e-puck(5),0.065335,0.074196,204.278180,0.000000
P,e-puck(5),0.065058,0.073828,204.210412,0.000000
P,e-puck(5),0.064387,0.073357,204.146709,0.000000
P,e-puck(5),0.065684,0.073662,204.203469,0.000000
P,e-puck(5),0.065965,0.073458,204.467164,0.000000
P,e-puck(5),0.066547,0.073036,205.172974,0.000000
P,e-puck(5),0.066990,0.072778,204.925663,0.000000
P,e-puck(5),0.067672,0.072225,204.911035,0.000000
P,e-puck(5),0.068147,0.071676,204.909705,0.000000
P,e-puck(5),0.068619,0.071132,204.908924,0.000000
P,e-puck(5),0.069058,0.070590,204.876543,0.000000
P,e-puck(5),0.069250,0.070320,204.873500,0.000000
P,e-puck(5),0.069344,0.069973,205.493334,0.000000
P,e-puck(5),0.069861,0.069721,206.202357,0.000000
P,e-puck(5),0.070347,0.069304,206.428322,0.000000
P,e-puck(5),0.070164,0.068017,206.960169,0.000000
P,e-puck(5),0.070117,0.070169,206.976273,0.000000
P,e-puck(5),0.070650,0.069076,207.741591,0.000000
P,e-puck(5),0.070917,0.068613,207.703714,0.000000
P,e-puck(5),0.071046,0.067964,207.683502,0.000000
P,e-puck(5),0.071338,0.067335,207.670248,0.000000
