P,e-puck(9),0.726950,-0.281328,199.526645,0.000000
P,e-puck(9),0.726938,-0.281311,199.526612,0.000000
P,e-puck(9),0.726562,-0.281431,199.526624,0.000000
P,e-puck(9),0.725908,-0.281654,199.526636,0.000000
P,e-puck(9),0.724713,-0.282072,199.526682,0.000000
P,e-puck(9),0.723511,-0.282495,199.526722,0.000000
P,e-puck(9),0.722303,-0.282921,199.526761,0.000000
P,e-puck(9),0.721090,-0.283350,199.526801,0.000000
P,e-puck(9),0.719872,-0.283781,199.526841,0.000000
P,e-puck(9),0.718649,-0.284214,199.526880,0.000000
P,e-puck(9),0.717423,-0.284649,199.526916,0.000000
P,e-puck(9),0.716194,-0.285084,199.526947,0.000000
P,e-puck(9),0.714964,-0.285520,199.526972,0.000000
P,e-puck(9),0.713734,-0.285956,199.526991,0.000000
P,e-puck(9),0.712506,-0.286392,199.527003,0.000000
P,e-puck(9),0.711279,-0.286827,199.527010,0.000000
P,e-puck(9),0.710057,-0.287260,199.527015,0.000000
P,e-puck(9),0.708839,-0.287692,199.527018,0.000000
P,e-puck(9),0.707626,-0.288122,199.527023,0.000000
P,e-puck(9),0.706419,-0.288551,199.527029,0.000000
P,e-puck(9),0.705217,-0.288977,199.527038,0.000000
P,e-puck(9),0.704020,-0.289401,199.527048,0.000000
P,e-puck(9),0.702828,-0.289824,199.527058,0.000000
P,e-puck(9),0.701639,-0.290246,199.527066,0.000000
P,e-puck(9),0.700453,-0.290666,199.527069,0.000000
P,e-puck(9),0.699268,-0.291086,199.527068,0.000000
P,e-puck(9),0.698083,-0.291506,199.527060,0.000000
P,e-puck(9),0.696898,-0.291927,199.527047,0.000000
P,e-puck(9),0.695709,-0.292348,199.527030,0.000000
P,e-puck(9),0.694517,-0.292771,199.527010,0.000000
P,e-puck(9),0.693321,-0.293195,199.526991,0.000000
P,e-puck(9),0.692120,-0.293621,199.526972,0.000000
P,e-puck(9),0.690914,-0.294049,199.526956,0.000000
P,e-puck(9),0.689702,-0.294479,199.526942,0.000000
P,e-puck(9),0.688486,-0.294910,199.526930,0.000000
P,e-puck(9),0.687266,-0.295343,199.526918,0.000000
P,e-puck(9),0.686042,-0.295777,199.526904,0.000000
P,e-puck(9),0.684816,-0.296211,199.526886,0.000000
P,e-puck(9),0.683590,-0.296646,199.526865,0.000000
P,e-puck(9),0.682363,-0.297081,199.526838,0.000000
P,e-puck(9),0.681138,-0.297516,199.526808,0.000000
P,e-puck(9),0.679916,-0.297949,199.526776,0.000000
P,e-puck(9),0.678698,-0.298381,199.526742,0.000000
P,e-puck(9),0.677484,-0.298812,199.526710,0.000000
P,e-puck(9),0.676275,-0.299240,199.526680,0.000000
P,e-puck(9),0.675072,-0.299667,199.526653,0.000000
P,e-puck(9),0.673873,-0.300092,199.526626,0.000000
P,e-puck(9),0.672679,-0.300516,199.526598,0.000000
P,e-puck(9),0.671489,-0.300938,199.526569,0.000000
P,e-puck(9),0.670302,-0.301359,199.526536,0.000000
P,e-puck(9),0.669117,-0.301779,199.526499,0.000000
P,e-puck(9),0.667933,-0.302199,199.526458,0.000000
P,e-puck(9),0.666747,-0.302619,199.526413,0.000000
P,e-puck(9),0.665560,-0.303040,199.526365,0.000000
P,e-puck(9),0.664370,-0.303462,199.526318,0.000000
P,e-puck(9),0.663176,-0.303886,199.526274,0.000000
P,e-puck(9),0.661977,-0.304311,199.526236,0.000000
P,e-puck(9),0.660773,-0.304738,199.526204,0.000000
P,e-puck(9),0.659563,-0.305167,199.526181,0.000000
P,e-puck(9),0.658348,-0.305598,199.526165,0.000000
P,e-puck(9),0.657128,-0.306031,199.526155,0.000000
P,e-puck(9),0.655905,-0.306465,199.526146,0.000000
P,e-puck(9),0.654678,-0.306900,199.526138,0.000000
P,e-puck(9),0.653449,-0.307336,199.526129,0.000000
P,e-puck(9),0.652219,-0.307772,199.526116,0.000000
P,e-puck(9),0.650990,-0.308208,199.526101,0.000000
P,e-puck(9),0.649762,-0.308643,199.526084,0.000000
P,e-puck(9),0.648538,-0.309077,199.526067,0.000000
P,e-puck(9),0.647318,-0.309510,199.526051,0.000000
P,e-puck(9),0.646102,-0.309941,199.526039,0.000000
P,e-puck(9),0.644892,-0.310370,199.526033,0.000000
P,e-puck(9),0.643687,-0.310798,199.526032,0.000000
P,e-puck(9),0.642487,-0.311223,199.526037,0.000000
P,e-puck(9),0.641293,-0.311647,199.526047,0.000000
P,e-puck(9),0.640102,-0.312069,199.526059,0.000000
P,e-puck(9),0.638915,-0.312490,199.526072,0.000000
P,e-puck(9),0.637729,-0.312911,199.526084,0.000000
P,e-puck(9),0.636545,-0.313331,199.526094,0.000000
P,e-puck(9),0.635360,-0.313751,199.526101,0.000000
P,e-puck(9),0.634173,-0.314172,199.526107,0.000000
P,e-puck(9),0.632984,-0.314594,199.526113,0.000000
P,e-puck(9),0.631791,-0.315017,199.526120,0.000000
P,e-puck(9),0.630593,-0.315442,199.526132,0.000000
P,e-puck(9),0.629390,-0.315868,199.526148,0.000000
P,e-puck(9),0.628182,-0.316296,199.526169,0.000000
P,e-puck(9),0.626969,-0.316727,199.526196,0.000000
P,e-puck(9),0.625752,-0.317158,199.526226,0.000000
P,e-puck(9),0.624531,-0.317591,199.526258,0.000000
P,e-puck(9),0.623307,-0.318026,199.526291,0.000000
P,e-puck(9),0.622081,-0.318460,199.526322,0.000000
P,e-puck(9),0.620854,-0.318895,199.526351,0.000000
P,e-puck(9),0.619629,-0.319330,199.526377,0.000000
P,e-puck(9),0.618405,-0.319764,199.526401,0.000000
P,e-puck(9),0.617184,-0.320197,199.526424,0.000000
P,e-puck(9),0.615968,-0.320628,199.526448,0.000000
P,e-puck(9),0.614756,-0.321058,199.526476,0.000000
P,e-puck(9),0.613548,-0.321486,199.526510,0.000000
P,e-puck(9),0.612346,-0.321913,199.526548,0.000000
P,e-puck(9),0.611149,-0.322337,199.526589,0.000000
P,e-puck(9),0.609956,-0.322760,199.526632,0.000000
P,e-puck(9),0.608766,-0.323182,199.526675,0.000000
P,e-puck(9),0.607579,-0.323603,199.526715,0.000000
P,e-puck(9),0.606393,-0.324024,199.526751,0.000000
P,e-puck(9),0.605207,-0.324444,199.526782,0.000000
P,e-puck(9),0.604021,-0.324865,199.526809,0.000000
P,e-puck(9),0.602832,-0.325287,199.526831,0.000000
P,e-puck(9),0.601639,-0.325710,199.526851,0.000000
P,e-puck(9),0.600443,-0.326134,199.526869,0.000000
P,e-puck(9),0.599242,-0.326560,199.526887,0.000000
P,e-puck(9),0.598035,-0.326988,199.526909,0.000000
P,e-puck(9),0.596823,-0.327418,199.526933,0.000000
P,e-puck(9),0.595606,-0.327849,199.526959,0.000000
P,e-puck(9),0.594385,-0.328282,199.526986,0.000000
P,e-puck(9),0.593160,-0.328717,199.527010,0.000000
P,e-puck(9),0.591933,-0.329152,199.527031,0.000000
P,e-puck(9),0.590704,-0.329588,199.527046,0.000000
P,e-puck(9),0.589475,-0.330024,199.527055,0.000000
P,e-puck(9),0.588247,-0.330459,199.527058,0.000000
P,e-puck(9),0.587021,-0.330894,199.527057,0.000000
P,e-puck(9),0.585799,-0.331327,199.527052,0.000000
P,e-puck(9),0.584581,-0.331759,199.527046,0.000000
P,e-puck(9),0.583367,-0.332189,199.527041,0.000000
P,e-puck(9),0.582159,-0.332618,199.527038,0.000000
P,e-puck(9),0.580957,-0.333044,199.527037,0.000000
P,e-puck(9),0.579759,-0.333469,199.527038,0.000000
P,e-puck(9),0.578567,-0.333892,199.527039,0.000000
P,e-puck(9),0.577378,-0.334314,199.527038,0.000000
P,e-puck(9),0.576191,-0.334734,199.527034,0.000000
P,e-puck(9),0.575006,-0.335155,199.527024,0.000000
P,e-puck(9),0.573822,-0.335575,199.527009,0.000000
P,e-puck(9),0.572637,-0.335995,199.526988,0.000000
P,e-puck(9),0.571449,-0.336416,199.526963,0.000000
P,e-puck(9),0.570259,-0.336838,199.526936,0.000000
P,e-puck(9),0.569064,-0.337262,199.526908,0.000000
P,e-puck(9),0.567865,-0.337687,199.526881,0.000000
P,e-puck(9),0.566660,-0.338114,199.526856,0.000000
P,e-puck(9),0.565451,-0.338543,199.526835,0.000000
P,e-puck(9),0.564237,-0.338974,199.526816,0.000000
P,e-puck(9),0.563018,-0.339406,199.526798,0.000000
P,e-puck(9),0.561796,-0.339839,199.526780,0.000000
P,e-puck(9),0.560572,-0.340274,199.526759,0.000000
P,e-puck(9),0.559346,-0.340708,199.526736,0.000000
P,e-puck(9),0.558120,-0.341143,199.526709,0.000000
P,e-puck(9),0.556895,-0.341578,199.526677,0.000000
P,e-puck(9),0.555672,-0.342011,199.526642,0.000000
P,e-puck(9),0.554452,-0.342444,199.526603,0.000000
P,e-puck(9),0.553237,-0.342875,199.526562,0.000000
P,e-puck(9),0.552026,-0.343304,199.526523,0.000000
P,e-puck(9),0.550820,-0.343732,199.526485,0.000000
P,e-puck(9),0.549619,-0.344158,199.526449,0.000000
P,e-puck(9),0.548422,-0.344582,199.526415,0.000000
P,e-puck(9),0.547229,-0.345005,199.526383,0.000000
P,e-puck(9),0.546040,-0.345427,199.526350,0.000000
P,e-puck(9),0.544852,-0.345848,199.526318,0.000000
P,e-puck(9),0.543666,-0.346269,199.526284,0.000000
P,e-puck(9),0.542479,-0.346690,199.526249,0.000000
P,e-puck(9),0.541291,-0.347111,199.526215,0.000000
P,e-puck(9),0.540101,-0.347533,199.526184,0.000000
P,e-puck(9),0.538907,-0.347957,199.526154,0.000000
P,e-puck(9),0.537708,-0.348382,199.526128,0.000000
P,e-puck(9),0.536505,-0.348809,199.526107,0.000000
P,e-puck(9),0.535297,-0.349237,199.526092,0.000000
P,e-puck(9),0.534083,-0.349668,199.526083,0.000000
P,e-puck(9),0.532865,-0.350100,199.526078,0.000000
P,e-puck(9),0.531643,-0.350533,199.526076,0.000000
P,e-puck(9),0.530417,-0.350968,199.526075,0.000000
P,e-puck(9),0.529190,-0.351403,199.526073,0.000000
P,e-puck(9),0.527961,-0.351839,199.526069,0.000000
P,e-puck(9),0.526733,-0.352274,199.526063,0.000000
P,e-puck(9),0.525506,-0.352710,199.526055,0.000000
P,e-puck(9),0.524282,-0.353144,199.526046,0.000000
P,e-puck(9),0.523061,-0.353576,199.526040,0.000000
P,e-puck(9),0.521845,-0.354008,199.526037,0.000000
P,e-puck(9),0.520634,-0.354437,199.526039,0.000000
P,e-puck(9),0.519429,-0.354865,199.526046,0.000000
P,e-puck(9),0.518237,-0.355308,199.406310,0.000000
P,e-puck(9),0.517135,-0.355728,199.214091,0.000000
P,e-puck(9),0.516042,-0.356143,199.011194,0.000000
P,e-puck(9),0.514949,-0.356540,198.884455,0.000000
P,e-puck(9),0.513864,-0.356944,198.684275,0.000000
P,e-puck(9),0.512776,-0.357332,198.561719,0.000000
P,e-puck(9),0.511694,-0.357732,198.338756,0.000000
P,e-puck(9),0.510605,-0.358120,198.178929,0.000000
P,e-puck(9),0.509515,-0.358514,197.961189,0.000000
P,e-puck(9),0.508419,-0.358903,197.757129,0.000000
P,e-puck(9),0.507314,-0.359286,197.580340,0.000000
P,e-puck(9),0.506203,-0.359671,197.377730,0.000000
P,e-puck(9),0.505077,-0.360052,197.206390,0.000000
P,e-puck(9),0.503927,-0.360432,197.058588,0.000000
P,e-puck(9),0.502775,-0.360823,196.832406,0.000000
P,e-puck(9),0.501613,-0.361201,196.669818,0.000000
P,e-puck(9),0.500448,-0.361576,196.504416,0.000000
P,e-puck(9),0.499281,-0.361949,196.340607,0.000000
P,e-puck(9),0.498112,-0.362315,196.192048,0.000000
P,e-puck(9),0.496945,-0.362681,196.021823,0.000000
P,e-puck(9),0.495790,-0.363067,195.692018,0.000000
P,e-puck(9),0.494672,-0.363415,195.476033,0.000000
P,e-puck(9),0.493560,-0.363753,195.288306,0.000000
P,e-puck(9),0.492456,-0.364088,195.081008,0.000000
P,e-puck(9),0.491355,-0.364416,194.888624,0.000000
P,e-puck(9),0.490255,-0.364731,194.745561,0.000000
P,e-puck(9),0.489158,-0.365057,194.515587,0.000000
P,e-puck(9),0.488054,-0.365362,194.393321,0.000000
P,e-puck(9),0.486947,-0.365678,194.196778,0.000000
P,e-puck(9),0.485786,-0.365999,194.029999,0.000000
P,e-puck(9),0.484617,-0.366319,193.853424,0.000000
P,e-puck(9),0.483441,-0.366635,193.695087,0.000000
P,e-puck(9),0.482259,-0.366948,193.539140,0.000000
P,e-puck(9),0.481072,-0.367259,193.381825,0.000000
P,e-puck(9),0.479897,-0.367610,192.943518,0.000000
P,e-puck(9),0.478712,-0.367908,192.773674,0.000000
P,e-puck(9),0.477565,-0.368206,192.534529,0.000000
P,e-puck(9),0.476453,-0.368485,192.333133,0.000000
P,e-puck(9),0.475346,-0.368752,192.172230,0.000000
P,e-puck(9),0.474240,-0.369010,192.050679,0.000000
P,e-puck(9),0.473140,-0.369290,191.768572,0.000000
P,e-puck(9),0.472031,-0.369544,191.623001,0.000000
P,e-puck(9),0.470918,-0.369801,191.452092,0.000000
P,e-puck(9),0.469790,-0.370073,191.184647,0.000000
P,e-puck(9),0.468634,-0.370334,190.978124,0.000000
P,e-puck(9),0.467470,-0.370592,190.775784,0.000000
P,e-puck(9),0.466297,-0.370845,190.588879,0.000000
P,e-puck(9),0.465115,-0.371088,190.452629,0.000000
P,e-puck(9),0.463928,-0.371336,190.265613,0.000000
P,e-puck(9),0.462736,-0.371584,190.067650,0.000000
P,e-puck(9),0.461541,-0.371833,189.832172,0.000000
P,e-puck(9),0.460340,-0.372062,189.702428,0.000000
P,e-puck(9),0.459145,-0.372309,189.429815,0.000000
P,e-puck(9),0.457953,-0.372545,189.186449,0.000000
P,e-puck(9),0.456799,-0.372764,188.978296,0.000000
P,e-puck(9),0.455653,-0.372978,188.772572,0.000000
P,e-puck(9),0.454512,-0.373186,188.562151,0.000000
P,e-puck(9),0.453376,-0.373390,188.351126,0.000000
P,e-puck(9),0.452244,-0.373587,188.158780,0.000000
P,e-puck(9),0.451112,-0.373778,187.974938,0.000000
P,e-puck(9),0.449978,-0.373957,187.844204,0.000000
P,e-puck(9),0.448841,-0.374139,187.683557,0.000000
P,e-puck(9),0.447700,-0.374337,187.407050,0.000000
P,e-puck(9),0.446552,-0.374529,187.137722,0.000000
P,e-puck(9),0.445395,-0.374707,186.930627,0.000000
P,e-puck(9),0.444230,-0.374871,186.784954,0.000000
P,e-puck(9),0.443059,-0.375045,186.565088,0.000000
P,e-puck(9),0.441878,-0.375203,186.420228,0.000000
P,e-puck(9),0.440691,-0.375375,186.179647,0.000000
P,e-puck(9),0.439499,-0.375548,185.904682,0.000000
P,e-puck(9),0.438303,-0.375710,185.657143,0.000000
P,e-puck(9),0.437106,-0.375862,185.444746,0.000000
P,e-puck(9),0.435909,-0.376003,185.269657,0.000000
P,e-puck(9),0.434715,-0.376147,185.051495,0.000000
P,e-puck(9),0.433525,-0.376280,184.872455,0.000000
P,e-puck(9),0.432342,-0.376420,184.617808,0.000000
P,e-puck(9),0.431162,-0.376540,184.459171,0.000000
P,e-puck(9),0.429988,-0.376658,184.287295,0.000000
P,e-puck(9),0.428822,-0.376784,184.034909,0.000000
P,e-puck(9),0.427672,-0.376907,183.766514,0.000000
P,e-puck(9),0.426535,-0.377016,183.546496,0.000000
P,e-puck(9),0.425404,-0.377118,183.342863,0.000000
P,e-puck(9),0.424274,-0.377213,183.156038,0.000000
P,e-puck(9),0.423143,-0.377310,182.934578,0.000000
P,e-puck(9),0.422010,-0.377402,182.719857,0.000000
P,e-puck(9),0.420871,-0.377485,182.529644,0.000000
P,e-puck(9),0.419725,-0.377570,182.312934,0.000000
P,e-puck(9),0.418562,-0.377651,182.095786,0.000000
P,e-puck(9),0.417378,-0.377726,181.896579,0.000000
P,e-puck(9),0.416163,-0.377787,181.761658,0.000000
P,e-puck(9),0.414942,-0.377856,181.563046,0.000000
P,e-puck(9),0.413715,-0.377932,181.290858,0.000000
P,e-puck(9),0.412484,-0.377984,181.135178,0.000000
P,e-puck(9),0.411255,-0.378041,180.924088,0.000000
P,e-puck(9),0.410086,-0.378112,180.590234,0.000000
P,e-puck(9),0.408976,-0.378172,180.278813,0.000000
P,e-puck(9),0.407872,-0.378215,180.033666,0.000000
P,e-puck(9),0.406771,-0.378253,179.797112,0.000000
P,e-puck(9),0.405667,-0.378273,179.639714,0.000000
P,e-puck(9),0.404559,-0.378306,179.383086,0.000000
P,e-puck(9),0.403393,-0.378331,179.145074,0.000000
P,e-puck(9),0.402216,-0.378348,178.928540,0.000000
P,e-puck(9),0.401029,-0.378354,178.749670,0.000000
P,e-puck(9),0.399830,-0.378362,178.529230,0.000000
P,e-puck(9),0.398624,-0.378358,178.354942,0.000000
P,e-puck(9),0.397413,-0.378356,178.145909,0.000000
P,e-puck(9),0.396199,-0.378358,177.880560,0.000000
P,e-puck(9),0.394985,-0.378355,177.611887,0.000000
P,e-puck(9),0.393774,-0.378335,177.418061,0.000000
P,e-puck(9),0.392570,-0.378310,177.227584,0.000000
P,e-puck(9),0.391394,-0.378292,176.976626,0.000000
P,e-puck(9),0.390250,-0.378273,176.709844,0.000000
P,e-puck(9),0.389114,-0.378246,176.462016,0.000000
P,e-puck(9),0.387984,-0.378200,176.303244,0.000000
P,e-puck(9),0.386858,-0.378158,176.105654,0.000000
P,e-puck(9),0.385732,-0.378133,175.783889,0.000000
P,e-puck(9),0.384606,-0.378085,175.557946,0.000000
P,e-puck(9),0.383478,-0.378038,175.298685,0.000000
P,e-puck(9),0.382346,-0.377976,175.098921,0.000000
P,e-puck(9),0.381129,-0.377871,175.098949,0.000000
P,e-puck(9),0.379824,-0.377758,175.099103,0.000000
P,e-puck(9),0.378510,-0.377645,175.099302,0.000000
P,e-puck(9),0.377190,-0.377532,175.099498,0.000000
P,e-puck(9),0.375867,-0.377418,175.099673,0.000000
P,e-puck(9),0.374544,-0.377305,175.099822,0.000000
P,e-puck(9),0.373222,-0.377191,175.099948,0.000000
P,e-puck(9),0.371906,-0.377078,175.100052,0.000000
P,e-puck(9),0.370613,-0.376968,175.100135,0.000000
P,e-puck(9),0.369344,-0.376859,175.100193,0.000000
P,e-puck(9),0.368083,-0.376751,175.100239,0.000000
P,e-puck(9),0.366829,-0.376643,175.100275,0.000000
P,e-puck(9),0.365582,-0.376536,175.100306,0.000000
P,e-puck(9),0.364339,-0.376430,175.100333,0.000000
P,e-puck(9),0.363099,-0.376323,175.100360,0.000000
P,e-puck(9),0.361859,-0.376217,175.100389,0.000000
P,e-puck(9),0.360617,-0.376111,175.100421,0.000000
P,e-puck(9),0.359372,-0.376004,175.100456,0.000000
P,e-puck(9),0.358122,-0.375897,175.100492,0.000000
P,e-puck(9),0.356855,-0.375788,175.100525,0.000000
P,e-puck(9),0.355571,-0.375678,175.100555,0.000000
P,e-puck(9),0.354280,-0.375567,175.100583,0.000000
P,e-puck(9),0.352984,-0.375456,175.100609,0.000000
P,e-puck(9),0.351682,-0.375344,175.100635,0.000000
P,e-puck(9),0.350377,-0.375233,175.100660,0.000000
P,e-puck(9),0.349070,-0.375121,175.100684,0.000000
P,e-puck(9),0.347764,-0.375009,175.100706,0.000000
P,e-puck(9),0.346460,-0.374897,175.100727,0.000000
P,e-puck(9),0.345159,-0.374785,175.100745,0.000000
P,e-puck(9),0.343864,-0.374674,175.100758,0.000000
P,e-puck(9),0.342575,-0.374564,175.100766,0.000000
P,e-puck(9),0.341293,-0.374454,175.100771,0.000000
P,e-puck(9),0.340018,-0.374345,175.100773,0.000000
P,e-puck(9),0.338752,-0.374236,175.100771,0.000000
P,e-puck(9),0.337492,-0.374128,175.100766,0.000000
P,e-puck(9),0.336238,-0.374020,175.100759,0.000000
P,e-puck(9),0.334989,-0.373913,175.100751,0.000000
P,e-puck(9),0.333743,-0.373807,175.100742,0.000000
P,e-puck(9),0.332499,-0.373700,175.100735,0.000000
P,e-puck(9),0.331254,-0.373593,175.100728,0.000000
P,e-puck(9),0.330007,-0.373486,175.100721,0.000000
P,e-puck(9),0.328756,-0.373379,175.100714,0.000000
P,e-puck(9),0.327500,-0.373271,175.100705,0.000000
P,e-puck(9),0.326238,-0.373163,175.100694,0.000000
P,e-puck(9),0.324966,-0.373054,175.100680,0.000000
P,e-puck(9),0.323685,-0.372944,175.100662,0.000000
P,e-puck(9),0.322397,-0.372834,175.100639,0.000000
P,e-puck(9),0.321103,-0.372723,175.100610,0.000000
P,e-puck(9),0.319804,-0.372612,175.100578,0.000000
P,e-puck(9),0.318501,-0.372500,175.100544,0.000000
P,e-puck(9),0.317196,-0.372388,175.100508,0.000000
P,e-puck(9),0.315890,-0.372276,175.100472,0.000000
P,e-puck(9),0.314587,-0.372164,175.100436,0.000000
P,e-puck(9),0.313286,-0.372053,175.100401,0.000000
P,e-puck(9),0.311991,-0.371942,175.100366,0.000000
P,e-puck(9),0.310701,-0.371831,175.100330,0.000000
P,e-puck(9),0.309418,-0.371721,175.100295,0.000000
P,e-puck(9),0.308143,-0.371612,175.100260,0.000000
P,e-puck(9),0.306875,-0.371503,175.100225,0.000000
P,e-puck(9),0.305613,-0.371395,175.100193,0.000000
P,e-puck(9),0.304358,-0.371288,175.100163,0.000000
P,e-puck(9),0.303108,-0.371180,175.100135,0.000000
P,e-puck(9),0.301862,-0.371074,175.100110,0.000000
P,e-puck(9),0.300617,-0.370967,175.100087,0.000000
P,e-puck(9),0.299372,-0.370860,175.100066,0.000000
P,e-puck(9),0.298125,-0.370753,175.100048,0.000000
P,e-puck(9),0.296875,-0.370646,175.100032,0.000000
P,e-puck(9),0.295620,-0.370538,175.100016,0.000000
P,e-puck(9),0.294358,-0.370430,175.100001,0.000000
P,e-puck(9),0.293081,-0.370321,175.099982,0.000000
P,e-puck(9),0.291797,-0.370211,175.099962,0.000000
P,e-puck(9),0.290506,-0.370100,175.099941,0.000000
P,e-puck(9),0.289210,-0.369989,175.099921,0.000000
P,e-puck(9),0.287910,-0.369877,175.099904,0.000000
P,e-puck(9),0.286606,-0.369766,175.099890,0.000000
P,e-puck(9),0.285301,-0.369654,175.099878,0.000000
P,e-puck(9),0.283997,-0.369542,175.099869,0.000000
P,e-puck(9),0.282694,-0.369430,175.099863,0.000000
P,e-puck(9),0.281396,-0.369319,175.099860,0.000000
P,e-puck(9),0.280102,-0.369208,175.099859,0.000000
P,e-puck(9),0.278815,-0.369098,175.099858,0.000000
P,e-puck(9),0.277534,-0.368988,175.099857,0.000000
P,e-puck(9),0.276261,-0.368879,175.099857,0.000000
P,e-puck(9),0.274994,-0.368770,175.099856,0.000000
P,e-puck(9),0.273734,-0.368662,175.099856,0.000000
P,e-puck(9),0.272479,-0.368555,175.099858,0.000000
P,e-puck(9),0.271229,-0.368448,175.099861,0.000000
P,e-puck(9),0.269981,-0.368341,175.099867,0.000000
P,e-puck(9),0.268735,-0.368234,175.099876,0.000000
P,e-puck(9),0.267488,-0.368127,175.099888,0.000000
P,e-puck(9),0.266239,-0.368020,175.099903,0.000000
P,e-puck(9),0.264987,-0.367913,175.099920,0.000000
P,e-puck(9),0.263729,-0.367805,175.099938,0.000000
P,e-puck(9),0.262465,-0.367696,175.099957,0.000000
P,e-puck(9),0.261195,-0.367588,175.099975,0.000000
P,e-puck(9),0.259917,-0.367478,175.099993,0.000000
P,e-puck(9),0.258633,-0.367368,175.100009,0.000000
P,e-puck(9),0.257343,-0.367257,175.100026,0.000000
P,e-puck(9),0.256047,-0.367146,175.100043,0.000000
P,e-puck(9),0.254747,-0.367035,175.100061,0.000000
P,e-puck(9),0.253444,-0.366923,175.100080,0.000000
P,e-puck(9),0.252140,-0.366811,175.100102,0.000000
P,e-puck(9),0.250837,-0.366700,175.100128,0.000000
P,e-puck(9),0.249537,-0.366588,175.100155,0.000000
P,e-puck(9),0.248240,-0.366477,175.100182,0.000000
P,e-puck(9),0.247191,-0.366524,174.242473,0.000000
P,e-puck(9),0.246651,-0.366700,172.810870,0.000000
P,e-puck(9),0.246264,-0.366947,170.995390,0.000000
P,e-puck(9),0.245972,-0.367241,168.923558,0.000000
P,e-puck(9),0.245888,-0.367655,166.341001,0.000000
P,e-puck(9),0.245794,-0.368069,163.756846,0.000000
P,e-puck(9),0.245689,-0.368482,161.172802,0.000000
P,e-puck(9),0.245570,-0.368893,158.589615,0.000000
P,e-puck(9),0.245437,-0.369301,156.007517,0.000000
P,e-puck(9),0.245287,-0.369705,153.426509,0.000000
P,e-puck(9),0.245119,-0.370102,150.846489,0.000000
P,e-puck(9),0.244849,-0.370352,148.733278,0.000000
P,e-puck(9),0.244327,-0.370371,146.997765,0.000000
P,e-puck(9),0.243624,-0.370139,145.842300,0.000000
P,e-puck(9),0.242806,-0.369734,145.072905,0.000000
P,e-puck(9),0.241916,-0.369211,144.560442,0.000000
P,e-puck(9),0.240873,-0.368466,144.562472,0.000000
P,e-puck(9),0.239823,-0.367716,144.564100,0.000000
P,e-puck(9),0.238765,-0.366962,144.565336,0.000000
P,e-puck(9),0.237702,-0.366204,144.566246,0.000000
P,e-puck(9),0.236634,-0.365444,144.566906,0.000000
P,e-puck(9),0.235564,-0.364682,144.567382,0.000000
P,e-puck(9),0.234493,-0.363920,144.567727,0.000000
P,e-puck(9),0.233422,-0.363158,144.567982,0.000000
P,e-puck(9),0.232355,-0.362399,144.568173,0.000000
P,e-puck(9),0.231292,-0.361642,144.568315,0.000000
P,e-puck(9),0.230234,-0.360889,144.568418,0.000000
P,e-puck(9),0.229186,-0.360144,144.568480,0.000000
P,e-puck(9),0.228149,-0.359406,144.568505,0.000000
P,e-puck(9),0.227119,-0.358673,144.568509,0.000000
P,e-puck(9),0.226094,-0.357944,144.568500,0.000000
P,e-puck(9),0.225075,-0.357218,144.568487,0.000000
P,e-puck(9),0.224058,-0.356495,144.568478,0.000000
P,e-puck(9),0.223044,-0.355774,144.568480,0.000000
P,e-puck(9),0.222030,-0.355052,144.568494,0.000000
P,e-puck(9),0.221015,-0.354330,144.568520,0.000000
P,e-puck(9),0.219997,-0.353606,144.568554,0.000000
P,e-puck(9),0.218975,-0.352879,144.568590,0.000000
P,e-puck(9),0.217931,-0.352135,144.568587,0.000000
P,e-puck(9),0.216881,-0.351389,144.568575,0.000000
P,e-puck(9),0.215806,-0.350672,144.322244,0.000000
P,e-puck(9),0.214817,-0.350061,143.819495,0.000000
P,e-puck(9),0.214092,-0.349728,142.819573,0.000000
P,e-puck(9),0.213416,-0.349326,142.264129,0.000000
P,e-puck(9),0.212658,-0.348871,141.613971,0.000000
P,e-puck(9),0.211794,-0.348292,141.090172,0.000000
P,e-puck(9),0.210908,-0.347660,140.680349,0.000000
P,e-puck(9),0.209916,-0.346845,140.680209,0.000000
P,e-puck(9),0.208918,-0.346026,140.680404,0.000000
P,e-puck(9),0.207915,-0.345203,140.680700,0.000000
P,e-puck(9),0.206907,-0.344377,140.680995,0.000000
P,e-puck(9),0.205896,-0.343548,140.681251,0.000000
P,e-puck(9),0.204882,-0.342718,140.681461,0.000000
P,e-puck(9),0.203868,-0.341887,140.681628,0.000000
P,e-puck(9),0.202855,-0.341057,140.681762,0.000000
P,e-puck(9),0.201843,-0.340229,140.681869,0.000000
P,e-puck(9),0.200835,-0.339403,140.681954,0.000000
P,e-puck(9),0.199831,-0.338581,140.682017,0.000000
P,e-puck(9),0.198832,-0.337762,140.682062,0.000000
P,e-puck(9),0.197839,-0.336949,140.682087,0.000000
P,e-puck(9),0.196851,-0.336139,140.682095,0.000000
P,e-puck(9),0.195868,-0.335335,140.682089,0.000000
P,e-puck(9),0.194890,-0.334534,140.682074,0.000000
P,e-puck(9),0.193917,-0.333737,140.682056,0.000000
P,e-puck(9),0.192946,-0.332942,140.682040,0.000000
P,e-puck(9),0.191978,-0.332148,140.682030,0.000000
P,e-puck(9),0.191010,-0.331356,140.682028,0.000000
P,e-puck(9),0.190041,-0.330562,140.682036,0.000000
P,e-puck(9),0.189071,-0.329767,140.682051,0.000000
P,e-puck(9),0.188049,-0.329041,140.145137,0.000000
P,e-puck(9),0.187381,-0.328713,139.043199,0.000000
P,e-puck(9),0.186757,-0.328337,138.261265,0.000000
P,e-puck(9),0.186145,-0.327940,137.570347,0.000000
P,e-puck(9),0.185302,-0.327278,137.061781,0.000000
P,e-puck(9),0.184440,-0.326556,136.690162,0.000000
P,e-puck(9),0.183568,-0.325794,136.411014,0.000000
P,e-puck(9),0.182672,-0.325047,135.922359,0.000000
P,e-puck(9),0.181799,-0.324270,135.606524,0.000000
P,e-puck(9),0.180922,-0.323500,135.198874,0.000000
P,e-puck(9),0.180097,-0.322678,135.198812,0.000000
P,e-puck(9),0.179270,-0.321856,135.199154,0.000000
P,e-puck(9),0.178396,-0.320986,135.199543,0.000000
P,e-puck(9),0.177472,-0.320067,135.199790,0.000000
P,e-puck(9),0.176541,-0.319143,135.199990,0.000000
P,e-puck(9),0.175607,-0.318215,135.200146,0.000000
P,e-puck(9),0.174670,-0.317284,135.200271,0.000000
P,e-puck(9),0.173732,-0.316352,135.200376,0.000000
P,e-puck(9),0.172795,-0.315422,135.200471,0.000000
P,e-puck(9),0.171860,-0.314494,135.200559,0.000000
P,e-puck(9),0.170930,-0.313570,135.200637,0.000000
P,e-puck(9),0.170005,-0.312652,135.200700,0.000000
P,e-puck(9),0.169100,-0.311753,135.200712,0.000000
P,e-puck(9),0.168202,-0.310861,135.200704,0.000000
P,e-puck(9),0.167309,-0.309974,135.200683,0.000000
P,e-puck(9),0.166421,-0.309093,135.200660,0.000000
P,e-puck(9),0.165538,-0.308215,135.200642,0.000000
P,e-puck(9),0.164656,-0.307340,135.200637,0.000000
P,e-puck(9),0.163775,-0.306465,135.200648,0.000000
P,e-puck(9),0.162893,-0.305589,135.200676,0.000000
P,e-puck(9),0.162009,-0.304711,135.200715,0.000000
P,e-puck(9),0.161089,-0.303867,134.894580,0.000000
P,e-puck(9),0.160166,-0.303028,134.501371,0.000000
P,e-puck(9),0.159347,-0.302257,134.219074,0.000000
P,e-puck(9),0.158536,-0.301494,133.901979,0.000000
P,e-puck(9),0.157733,-0.300735,133.567061,0.000000
P,e-puck(9),0.156941,-0.299976,133.242291,0.000000
P,e-puck(9),0.156143,-0.299233,132.779739,0.000000
P,e-puck(9),0.155378,-0.298508,132.335787,0.000000
P,e-puck(9),0.154631,-0.297776,131.954521,0.000000
P,e-puck(9),0.153901,-0.297032,131.659503,0.000000
P,e-puck(9),0.153173,-0.296287,131.351572,0.000000
P,e-puck(9),0.152418,-0.295497,131.068730,0.000000
P,e-puck(9),0.151578,-0.294530,131.068687,0.000000
P,e-puck(9),0.150732,-0.293558,131.068857,0.000000
P,e-puck(9),0.149881,-0.292581,131.069081,0.000000
P,e-puck(9),0.149026,-0.291599,131.069294,0.000000
P,e-puck(9),0.148168,-0.290614,131.069474,0.000000
P,e-puck(9),0.147308,-0.289626,131.069619,0.000000
P,e-puck(9),0.146446,-0.288637,131.069737,0.000000
P,e-puck(9),0.145584,-0.287648,131.069833,0.000000
P,e-puck(9),0.144724,-0.286661,131.069914,0.000000
P,e-puck(9),0.143866,-0.285677,131.069983,0.000000
P,e-puck(9),0.143012,-0.284696,131.070037,0.000000
P,e-puck(9),0.142162,-0.283721,131.070077,0.000000
P,e-puck(9),0.141316,-0.282751,131.070099,0.000000
P,e-puck(9),0.140476,-0.281786,131.070105,0.000000
P,e-puck(9),0.139641,-0.280828,131.070096,0.000000
P,e-puck(9),0.138811,-0.279875,131.070076,0.000000
P,e-puck(9),0.137985,-0.278927,131.070051,0.000000
P,e-puck(9),0.137162,-0.277983,131.070028,0.000000
P,e-puck(9),0.136342,-0.277042,131.070013,0.000000
P,e-puck(9),0.135522,-0.276102,131.070009,0.000000
P,e-puck(9),0.134703,-0.275162,131.070019,0.000000
P,e-puck(9),0.133882,-0.274220,131.070039,0.000000
P,e-puck(9),0.133059,-0.273275,131.070066,0.000000
P,e-puck(9),0.132233,-0.272327,131.070095,0.000000
P,e-puck(9),0.131402,-0.271374,131.070118,0.000000
P,e-puck(9),0.130558,-0.270405,131.070110,0.000000
P,e-puck(9),0.129709,-0.269432,131.065746,0.000000
P,e-puck(9),0.128844,-0.268465,130.960841,0.000000
P,e-puck(9),0.127969,-0.267505,130.759020,0.000000
P,e-puck(9),0.127100,-0.266544,130.563068,0.000000
P,e-puck(9),0.126351,-0.265755,130.211656,0.000000
P,e-puck(9),0.125654,-0.264928,130.211267,0.000000
P,e-puck(9),0.124892,-0.264026,130.211348,0.000000
P,e-puck(9),0.124062,-0.263044,130.211405,0.000000
P,e-puck(9),0.123228,-0.262057,130.211486,0.000000
P,e-puck(9),0.122390,-0.261066,130.211563,0.000000
P,e-puck(9),0.121550,-0.260071,130.211626,0.000000
P,e-puck(9),0.120706,-0.259073,130.211677,0.000000
P,e-puck(9),0.119862,-0.258074,130.211719,0.000000
P,e-puck(9),0.119017,-0.257075,130.211758,0.000000
P,e-puck(9),0.118173,-0.256076,130.211795,0.000000
P,e-puck(9),0.117331,-0.255080,130.211831,0.000000
P,e-puck(9),0.116491,-0.254087,130.211864,0.000000
P,e-puck(9),0.115655,-0.253098,130.211893,0.000000
P,e-puck(9),0.114823,-0.252114,130.211913,0.000000
P,e-puck(9),0.113995,-0.251135,130.211924,0.000000
P,e-puck(9),0.113172,-0.250161,130.211925,0.000000
P,e-puck(9),0.112352,-0.249191,130.211919,0.000000
P,e-puck(9),0.111536,-0.248226,130.211909,0.000000
P,e-puck(9),0.110723,-0.247265,130.211899,0.000000
P,e-puck(9),0.109913,-0.246306,130.211893,0.000000
P,e-puck(9),0.109103,-0.245348,130.211893,0.000000
P,e-puck(9),0.108294,-0.244391,130.211902,0.000000
P,e-puck(9),0.107483,-0.243432,130.211918,0.000000
P,e-puck(9),0.106671,-0.242471,130.211939,0.000000
P,e-puck(9),0.105856,-0.241507,130.211960,0.000000
P,e-puck(9),0.105037,-0.240539,130.211979,0.000000
P,e-puck(9),0.104215,-0.239566,130.211991,0.000000
P,e-puck(9),0.103389,-0.238589,130.211995,0.000000
P,e-puck(9),0.102558,-0.237606,130.211991,0.000000
P,e-puck(9),0.101723,-0.236619,130.211981,0.000000
P,e-puck(9),0.100885,-0.235628,130.211968,0.000000
P,e-puck(9),0.100045,-0.234634,130.211955,0.000000
P,e-puck(9),0.099202,-0.233637,130.211948,0.000000
P,e-puck(9),0.098359,-0.232640,130.211948,0.000000
P,e-puck(9),0.097516,-0.231642,130.211955,0.000000
P,e-puck(9),0.096674,-0.230647,130.211970,0.000000
P,e-puck(9),0.095834,-0.229653,130.211988,0.000000
P,e-puck(9),0.094997,-0.228663,130.212006,0.000000
P,e-puck(9),0.094164,-0.227678,130.212020,0.000000
P,e-puck(9),0.093335,-0.226697,130.212028,0.000000
P,e-puck(9),0.092510,-0.225722,130.212027,0.000000
P,e-puck(9),0.091690,-0.224751,130.212018,0.000000
P,e-puck(9),0.090873,-0.223785,130.212005,0.000000
P,e-puck(9),0.090060,-0.222824,130.211990,0.000000
P,e-puck(9),0.089250,-0.221865,130.211979,0.000000
P,e-puck(9),0.088441,-0.220908,130.211975,0.000000
P,e-puck(9),0.087633,-0.219953,130.211979,0.000000
P,e-puck(9),0.086825,-0.218997,130.211993,0.000000
P,e-puck(9),0.086016,-0.218039,130.212014,0.000000
P,e-puck(9),0.085204,-0.217079,130.212038,0.000000
P,e-puck(9),0.084389,-0.216115,130.212061,0.000000
P,e-puck(9),0.083570,-0.215146,130.212078,0.000000
P,e-puck(9),0.082745,-0.214171,130.212081,0.000000
P,e-puck(9),0.081915,-0.213189,130.212070,0.000000
P,e-puck(9),0.081080,-0.212202,130.212050,0.000000
P,e-puck(9),0.080242,-0.211210,130.212025,0.000000
P,e-puck(9),0.079401,-0.210215,130.211999,0.000000
P,e-puck(9),0.078558,-0.209218,130.211977,0.000000
P,e-puck(9),0.077713,-0.208219,130.211962,0.000000
P,e-puck(9),0.076868,-0.207220,130.211957,0.000000
P,e-puck(9),0.076025,-0.206222,130.211961,0.000000
P,e-puck(9),0.075183,-0.205226,130.211971,0.000000
P,e-puck(9),0.074344,-0.204233,130.211983,0.000000
P,e-puck(9),0.073508,-0.203245,130.211994,0.000000
P,e-puck(9),0.072676,-0.202261,130.212000,0.000000
P,e-puck(9),0.071849,-0.201282,130.211998,0.000000
P,e-puck(9),0.071026,-0.200309,130.211988,0.000000
P,e-puck(9),0.070206,-0.199340,130.211972,0.000000
P,e-puck(9),0.069391,-0.198375,130.211952,0.000000
P,e-puck(9),0.068578,-0.197413,130.211933,0.000000
P,e-puck(9),0.067767,-0.196454,130.211918,0.000000
P,e-puck(9),0.066957,-0.195496,130.211910,0.000000
P,e-puck(9),0.066147,-0.194538,130.211909,0.000000
P,e-puck(9),0.065337,-0.193580,130.211916,0.000000
P,e-puck(9),0.064524,-0.192618,130.211928,0.000000
P,e-puck(9),0.063709,-0.191654,130.211940,0.000000
P,e-puck(9),0.062890,-0.190686,130.211949,0.000000
P,e-puck(9),0.062068,-0.189713,130.211953,0.000000
P,e-puck(9),0.061241,-0.188735,130.211948,0.000000
P,e-puck(9),0.060411,-0.187753,130.211936,0.000000
P,e-puck(9),0.059576,-0.186766,130.211918,0.000000
P,e-puck(9),0.058739,-0.185775,130.211898,0.000000
P,e-puck(9),0.057898,-0.184781,130.211879,0.000000
P,e-puck(9),0.057056,-0.183785,130.211865,0.000000
P,e-puck(9),0.056214,-0.182788,130.211858,0.000000
P,e-puck(9),0.055371,-0.181792,130.211859,0.000000
P,e-puck(9),0.054530,-0.180797,130.211866,0.000000
P,e-puck(9),0.053691,-0.179804,130.211878,0.000000
P,e-puck(9),0.052854,-0.178815,130.211889,0.000000
P,e-puck(9),0.052022,-0.177830,130.211897,0.000000
P,e-puck(9),0.051193,-0.176850,130.211900,0.000000
P,e-puck(9),0.050369,-0.175875,130.211895,0.000000
P,e-puck(9),0.049548,-0.174904,130.211884,0.000000
P,e-puck(9),0.048732,-0.173938,130.211869,0.000000
P,e-puck(9),0.047918,-0.172976,130.211854,0.000000
P,e-puck(9),0.047108,-0.172017,130.211843,0.000000
P,e-puck(9),0.046298,-0.171060,130.211839,0.000000
P,e-puck(9),0.045490,-0.170104,130.211845,0.000000
P,e-puck(9),0.044681,-0.169147,130.211859,0.000000
P,e-puck(9),0.043871,-0.168188,130.211880,0.000000
P,e-puck(9),0.043058,-0.167227,130.211905,0.000000
P,e-puck(9),0.042242,-0.166262,130.211928,0.000000
P,e-puck(9),0.041423,-0.165293,130.211945,0.000000
P,e-puck(9),0.040598,-0.164317,130.211951,0.000000
P,e-puck(9),0.039768,-0.163336,130.211945,0.000000
P,e-puck(9),0.038934,-0.162350,130.211930,0.000000
P,e-puck(9),0.038097,-0.161359,130.211910,0.000000
P,e-puck(9),0.037256,-0.160365,130.211890,0.000000
P,e-puck(9),0.036414,-0.159368,130.211873,0.000000
P,e-puck(9),0.035569,-0.158369,130.211863,0.000000
P,e-puck(9),0.034725,-0.157370,130.211863,0.000000
P,e-puck(9),0.033881,-0.156372,130.211872,0.000000
P,e-puck(9),0.033039,-0.155376,130.211889,0.000000
P,e-puck(9),0.032199,-0.154383,130.211909,0.000000
P,e-puck(9),0.031363,-0.153394,130.211928,0.000000
P,e-puck(9),0.030530,-0.152409,130.211943,0.000000
P,e-puck(9),0.029702,-0.151429,130.211950,0.000000
P,e-puck(9),0.028878,-0.150454,130.211950,0.000000
P,e-puck(9),0.028058,-0.149484,130.211943,0.000000
P,e-puck(9),0.027241,-0.148518,130.211932,0.000000
P,e-puck(9),0.026428,-0.147556,130.211920,0.000000
P,e-puck(9),0.025616,-0.146597,130.211912,0.000000
P,e-puck(9),0.024806,-0.145639,130.211911,0.000000
P,e-puck(9),0.023997,-0.144681,130.211917,0.000000
P,e-puck(9),0.023186,-0.143722,130.211930,0.000000
P,e-puck(9),0.022374,-0.142762,130.211949,0.000000
P,e-puck(9),0.021560,-0.141798,130.211970,0.000000
P,e-puck(9),0.020742,-0.140831,130.211989,0.000000
P,e-puck(9),0.019921,-0.139860,130.212002,0.000000
P,e-puck(9),0.019096,-0.138884,130.212008,0.000000
P,e-puck(9),0.018266,-0.137903,130.212006,0.000000
P,e-puck(9),0.017433,-0.136917,130.211998,0.000000
P,e-puck(9),0.016597,-0.135928,130.211985,0.000000
P,e-puck(9),0.015757,-0.134935,130.211973,0.000000
P,e-puck(9),0.014916,-0.133940,130.211964,0.000000
P,e-puck(9),0.014074,-0.132944,130.211960,0.000000
P,e-puck(9),0.013231,-0.131947,130.211964,0.000000
P,e-puck(9),0.012390,-0.130952,130.211974,0.000000
P,e-puck(9),0.011551,-0.129959,130.211988,0.000000
P,e-puck(9),0.010714,-0.128969,130.212003,0.000000
P,e-puck(9),0.009880,-0.127984,130.212015,0.000000
P,e-puck(9),0.009051,-0.127002,130.212022,0.000000
P,e-puck(9),0.008225,-0.126026,130.212022,0.000000
P,e-puck(9),0.007404,-0.125054,130.212015,0.000000
P,e-puck(9),0.006586,-0.124087,130.212003,0.000000
P,e-puck(9),0.005772,-0.123123,130.211990,0.000000
P,e-puck(9),0.004960,-0.122163,130.211980,0.000000
P,e-puck(9),0.004150,-0.121205,130.211975,0.000000
P,e-puck(9),0.003341,-0.120248,130.211978,0.000000
P,e-puck(9),0.002531,-0.119291,130.211989,0.000000
P,e-puck(9),0.001721,-0.118332,130.212007,0.000000
P,e-puck(9),0.000908,-0.117371,130.212028,0.000000
P,e-puck(9),0.000093,-0.116406,130.212047,0.000000
P,e-puck(9),-0.000726,-0.115437,130.212061,0.000000
P,e-puck(9),-0.001550,-0.114464,130.212067,0.000000
P,e-puck(9),-0.002377,-0.113485,130.212062,0.000000
P,e-puck(9),-0.003209,-0.112501,130.212047,0.000000
P,e-puck(9),-0.004044,-0.111513,130.212025,0.000000
P,e-puck(9),-0.004883,-0.110521,130.212000,0.000000
P,e-puck(9),-0.005725,-0.109525,130.211975,0.000000
P,e-puck(9),-0.006568,-0.108527,130.211956,0.000000
P,e-puck(9),-0.007413,-0.107528,130.211944,0.000000
P,e-puck(9),-0.008257,-0.106530,130.211942,0.000000
P,e-puck(9),-0.009100,-0.105532,130.211948,0.000000
P,e-puck(9),-0.009941,-0.104537,130.211960,0.000000
P,e-puck(9),-0.010780,-0.103546,130.211973,0.000000
P,e-puck(9),-0.011615,-0.102558,130.211983,0.000000
P,e-puck(9),-0.012445,-0.101576,130.211987,0.000000
P,e-puck(9),-0.013272,-0.100598,130.211983,0.000000
P,e-puck(9),-0.014094,-0.099625,130.211970,0.000000
P,e-puck(9),-0.014913,-0.098657,130.211952,0.000000
P,e-puck(9),-0.015728,-0.097693,130.211931,0.000000
P,e-puck(9),-0.016540,-0.096732,130.211911,0.000000
P,e-puck(9),-0.017350,-0.095774,130.211896,0.000000
P,e-puck(9),-0.018160,-0.094816,130.211889,0.000000
P,e-puck(9),-0.018969,-0.093859,130.211889,0.000000
P,e-puck(9),-0.019780,-0.092900,130.211897,0.000000
P,e-puck(9),-0.020592,-0.091939,130.211910,0.000000
P,e-puck(9),-0.021408,-0.090974,130.211923,0.000000
P,e-puck(9),-0.022227,-0.090006,130.211933,0.000000
P,e-puck(9),-0.023049,-0.089033,130.211937,0.000000
P,e-puck(9),-0.023876,-0.088055,130.211933,0.000000
P,e-puck(9),-0.024706,-0.087073,130.211922,0.000000
P,e-puck(9),-0.025541,-0.086086,130.211905,0.000000
P,e-puck(9),-0.026378,-0.085095,130.211885,0.000000
P,e-puck(9),-0.027218,-0.084102,130.211867,0.000000
P,e-puck(9),-0.028060,-0.083107,130.211853,0.000000
P,e-puck(9),-0.028902,-0.082110,130.211846,0.000000
P,e-puck(9),-0.029744,-0.081114,130.211847,0.000000
P,e-puck(9),-0.030584,-0.080120,130.211854,0.000000
P,e-puck(9),-0.031423,-0.079128,130.211864,0.000000
P,e-puck(9),-0.032259,-0.078140,130.211875,0.000000
P,e-puck(9),-0.033091,-0.077155,130.211882,0.000000
P,e-puck(9),-0.033919,-0.076176,130.211885,0.000000
P,e-puck(9),-0.034065,-0.076001,130.217392,0.000000
P,e-puck(9),-0.034903,-0.076169,130.350779,0.000000
P,e-puck(9),-0.036210,-0.075464,130.197123,0.000000
P,e-puck(9),-0.036241,-0.075958,130.530531,0.000000
P,e-puck(9),-0.036807,-0.076545,130.532665,0.000000
P,e-puck(9),-0.037194,-0.076648,131.295893,0.000000
P,e-puck(9),-0.037466,-0.077003,131.774044,0.000000
P,e-puck(9),-0.037846,-0.077127,132.564664,0.000000
P,e-puck(9),-0.038199,-0.077211,132.833857,0.000000
P,e-puck(9),-0.039656,-0.076861,133.889557,0.000000
P,e-puck(9),-0.038902,-0.077851,134.304606,0.000000
P,e-puck(9),-0.039207,-0.078424,134.524606,0.000000
P,e-puck(9),-0.039691,-0.078220,134.806134,0.000000
P,e-puck(9),-0.040272,-0.077441,134.290754,0.000000
P,e-puck(9),-0.039425,-0.078116,134.794342,0.000000
P,e-puck(9),-0.039313,-0.077669,136.307026,0.000000
P,e-puck(9),-0.037806,-0.077499,138.807687,0.000000
P,e-puck(9),-0.038373,-0.077046,142.538357,0.000000
P,e-puck(9),-0.037297,-0.077099,142.769637,0.000000
P,e-puck(9),-0.037173,-0.076722,142.442746,0.000000
P,e-puck(9),-0.036915,-0.076270,143.356809,0.000000
P,e-puck(9),-0.037243,-0.076981,143.318419,0.000000
P,e-puck(9),-0.036811,-0.076629,143.303436,0.000000
P,e-puck(9),-0.036564,-0.076165,142.870934,0.000000
P,e-puck(9),-0.036354,-0.075654,142.559895,0.000000
P,e-puck(9),-0.035984,-0.075191,143.493428,0.000000
P,e-puck(9),-0.035589,-0.074695,145.117269,0.000000
P,e-puck(9),-0.035441,-0.074103,146.010954,0.000000
P,e-puck(9),-0.035151,-0.073602,147.548306,0.000000
P,e-puck(9),-0.035091,-0.073020,148.334651,0.000000
P,e-puck(9),-0.035231,-0.072356,148.343681,0.000000
P,e-puck(9),-0.035279,-0.071736,148.957633,0.000000
P,e-puck(9),-0.035472,-0.071555,149.539003,0.000000
P,e-puck(9),-0.035301,-0.070981,149.845005,0.000000
P,e-puck(9),-0.035162,-0.070529,150.904087,0.000000
P,e-puck(9),-0.035144,-0.069977,151.701150,0.000000
P,e-puck(9),-0.035174,-0.069435,152.315061,0.000000
P,e-puck(9),-0.035165,-0.068913,153.172295,0.000000
P,e-puck(9),-0.035106,-0.068435,154.204446,0.000000
P,e-puck(9),-0.035251,-0.068253,154.584646,0.000000
P,e-puck(9),-0.035224,-0.067833,154.718131,0.000000
P,e-puck(9),-0.035351,-0.067488,154.113021,0.000000
P,e-puck(9),-0.035526,-0.067362,152.778975,0.000000
P,e-puck(9),-0.035396,-0.067559,151.078749,0.000000
P,e-puck(9),-0.035691,-0.067699,149.376902,0.000000
P,e-puck(9),-0.035811,-0.067867,147.252947,0.000000
P,e-puck(9),-0.035950,-0.067738,145.827766,0.000000
P,e-puck(9),-0.036212,-0.067346,144.878321,0.000000
P,e-puck(9),-0.036191,-0.067237,144.684727,0.000000
P,e-puck(9),-0.036045,-0.066738,146.289133,0.000000
P,e-puck(9),-0.036038,-0.066430,148.003810,0.000000
P,e-puck(9),-0.036059,-0.065788,148.285968,0.000000
P,e-puck(9),-0.036193,-0.065114,148.293709,0.000000
P,e-puck(9),-0.036362,-0.064440,148.298140,0.000000
P,e-puck(9),-0.036564,-0.064141,147.361081,0.000000
P,e-puck(9),-0.036798,-0.064085,145.795722,0.000000
P,e-puck(9),-0.037139,-0.064136,143.811109,0.000000
P,e-puck(9),-0.036841,-0.064602,143.048642,0.000000
P,e-puck(9),-0.036594,-0.065148,141.061854,0.000000
P,e-puck(9),-0.036140,-0.065615,138.441713,0.000000
P,e-puck(9),-0.035281,-0.066044,135.614959,0.000000
P,e-puck(9),-0.034034,-0.066461,132.789368,0.000000
P,e-puck(9),-0.033397,-0.066866,129.964916,0.000000
P,e-puck(9),-0.033198,-0.067256,127.141421,0.000000
P,e-puck(9),-0.033513,-0.067624,124.320286,0.000000
P,e-puck(9),-0.033878,-0.067855,121.745688,0.000000
P,e-puck(9),-0.034187,-0.068220,119.049222,0.000000
P,e-puck(9),-0.034592,-0.068381,116.474662,0.000000
P,e-puck(9),-0.035008,-0.068514,113.900061,0.000000
P,e-puck(9),-0.035431,-0.068620,111.325462,0.000000
P,e-puck(9),-0.035858,-0.068702,108.750874,0.000000
P,e-puck(9),-0.036183,-0.069091,106.176721,0.000000
P,e-puck(9),-0.036609,-0.069235,103.484422,0.000000
P,e-puck(9),-0.037045,-0.069277,100.909699,0.000000
P,e-puck(9),-0.037495,-0.069329,98.211337,0.000000
P,e-puck(9),-0.037927,-0.069348,95.636780,0.000000
P,e-puck(9),-0.038358,-0.069343,93.062279,0.000000
P,e-puck(9),-0.038788,-0.069317,90.487800,0.000000
P,e-puck(9),-0.039223,-0.069537,87.913394,0.000000
P,e-puck(9),-0.039652,-0.069483,85.338927,0.000000
P,e-puck(9),-0.040090,-0.069455,82.678009,0.000000
P,e-puck(9),-0.040522,-0.069463,79.923337,0.000000
P,e-puck(9),-0.040827,-0.069195,77.731852,0.000000
P,e-puck(9),-0.041014,-0.068710,76.002496,0.000000
P,e-puck(9),-0.041053,-0.068043,74.694021,0.000000
P,e-puck(9),-0.040813,-0.067544,74.315086,0.000000
P,e-puck(9),-0.040677,-0.066585,73.464831,0.000000
P,e-puck(9),-0.040470,-0.065569,72.833253,0.000000
P,e-puck(9),-0.040081,-0.064690,72.676737,0.000000
P,e-puck(9),-0.039872,-0.064158,72.297770,0.000000
P,e-puck(9),-0.039509,-0.063500,71.667761,0.000000
P,e-puck(9),-0.039192,-0.062590,71.138331,0.000000
P,e-puck(9),-0.038934,-0.061677,70.490971,0.000000
P,e-puck(9),-0.038731,-0.060765,69.732780,0.000000
P,e-puck(9),-0.038482,-0.060011,69.056153,0.000000
P,e-puck(9),-0.038221,-0.059266,68.112125,0.000000
P,e-puck(9),-0.038051,-0.058595,67.132756,0.000000
P,e-puck(9),-0.038008,-0.058096,65.798597,0.000000
P,e-puck(9),-0.037717,-0.057655,64.977922,0.000000
P,e-puck(9),-0.037649,-0.057038,63.434129,0.000000
P,e-puck(9),-0.037578,-0.056332,61.878782,0.000000
P,e-puck(9),-0.037663,-0.055880,60.112244,0.000000
P,e-puck(9),-0.037785,-0.055710,58.175944,0.000000
P,e-puck(9),-0.038277,-0.055784,55.591820,0.000000
P,e-puck(9),-0.038326,-0.055530,52.890507,0.000000
P,e-puck(9),-0.038842,-0.054909,51.845828,0.000000
P,e-puck(9),-0.038812,-0.054984,49.022036,0.000000
P,e-puck(9),-0.038958,-0.054863,46.319206,0.000000
P,e-puck(9),-0.039232,-0.054999,43.998663,0.000000
P,e-puck(9),-0.040097,-0.054192,41.880659,0.000000
P,e-puck(9),-0.039905,-0.054617,39.056501,0.000000
P,e-puck(9),-0.040448,-0.053922,37.001557,0.000000
P,e-puck(9),-0.040314,-0.054148,34.224913,0.000000
P,e-puck(9),-0.040319,-0.053808,31.410256,0.000000
P,e-puck(9),-0.040257,-0.053355,28.635023,0.000000
P,e-puck(9),-0.040357,-0.053129,25.861193,0.000000
P,e-puck(9),-0.040850,-0.052022,23.902993,0.000000
P,e-puck(9),-0.040898,-0.051969,20.921728,0.000000
P,e-puck(9),-0.040963,-0.051719,18.236203,0.000000
P,e-puck(9),-0.041029,-0.051393,15.644436,0.000000
P,e-puck(9),-0.041180,-0.051056,13.061071,0.000000
P,e-puck(9),-0.041314,-0.050687,10.484616,0.000000
P,e-puck(9),-0.041415,-0.050295,7.910700,0.000000
P,e-puck(9),-0.041491,-0.049889,5.336524,0.000000
P,e-puck(9),-0.041533,-0.049470,2.762197,0.000000
P,e-puck(9),-0.041552,-0.049045,0.187886,0.000000
P,e-puck(9),-0.041545,-0.048620,357.613660,0.000000
P,e-puck(9),-0.041513,-0.048195,355.039538,0.000000
P,e-puck(9),-0.041453,-0.047765,352.439554,0.000000
P,e-puck(9),-0.041369,-0.047339,349.845953,0.000000
P,e-puck(9),-0.041261,-0.046919,347.256651,0.000000
P,e-puck(9),-0.041129,-0.046507,344.670252,0.000000
P,e-puck(9),-0.040976,-0.046103,342.085947,0.000000
P,e-puck(9),-0.040804,-0.045707,339.503232,0.000000
P,e-puck(9),-0.040355,-0.045432,336.922672,0.000000
P,e-puck(9),-0.040323,-0.045142,334.219187,0.000000
P,e-puck(9),-0.039998,-0.044830,331.640576,0.000000
P,e-puck(9),-0.039707,-0.044477,328.878652,0.000000
P,e-puck(9),-0.039501,-0.044108,326.301605,0.000000
P,e-puck(9),-0.039283,-0.043743,323.724659,0.000000
P,e-puck(9),-0.039056,-0.043381,321.147961,0.000000
P,e-puck(9),-0.038749,-0.043075,318.401265,0.000000
P,e-puck(9),-0.038256,-0.042923,315.704709,0.000000
P,e-puck(9),-0.037926,-0.042600,312.893194,0.000000
P,e-puck(9),-0.037485,-0.042429,310.117755,0.000000
P,e-puck(9),-0.037060,-0.042218,307.297623,0.000000
P,e-puck(9),-0.036682,-0.041978,304.591589,0.000000
P,e-puck(9),-0.036221,-0.041854,301.847779,0.000000
P,e-puck(9),-0.035760,-0.041722,299.028522,0.000000
P,e-puck(9),-0.035332,-0.041572,296.303757,0.000000
P,e-puck(9),-0.034934,-0.041405,293.682517,0.000000
P,e-puck(9),-0.034473,-0.041348,290.986131,0.000000
P,e-puck(9),-0.034116,-0.041361,288.769098,0.000000
P,e-puck(9),-0.033578,-0.041518,285.954583,0.000000
P,e-puck(9),-0.033112,-0.041486,283.142546,0.000000
P,e-puck(9),-0.032814,-0.041502,281.330085,0.000000
P,e-puck(9),-0.032639,-0.041610,280.372319,0.000000
P,e-puck(9),-0.032641,-0.041725,280.382298,0.000000
P,e-puck(9),-0.032642,-0.041722,280.386054,0.000000
P,e-puck(9),-0.032656,-0.041718,280.440066,0.000000
P,e-puck(9),-0.032621,-0.041910,280.441714,0.000000
P,e-puck(9),-0.032483,-0.041849,279.543856,0.000000
P,e-puck(9),-0.032259,-0.041769,278.115053,0.000000
P,e-puck(9),-0.031815,-0.041761,275.417892,0.000000
P,e-puck(9),-0.031519,-0.041764,273.619125,0.000000
P,e-puck(9),-0.031363,-0.042169,272.807622,0.000000
P,e-puck(9),-0.031367,-0.042450,272.807798,0.000000
P,e-puck(9),-0.031215,-0.042433,271.875220,0.000000
P,e-puck(9),-0.030957,-0.042475,270.309013,0.000000
P,e-puck(9),-0.030536,-0.042454,267.735234,0.000000
P,e-puck(9),-0.030110,-0.042442,265.141546,0.000000
P,e-puck(9),-0.029648,-0.042435,262.432459,0.000000
P,e-puck(9),-0.029202,-0.042814,259.676314,0.000000
P,e-puck(9),-0.028724,-0.043004,256.878860,0.000000
P,e-puck(9),-0.028233,-0.043175,254.055270,0.000000
P,e-puck(9),-0.027688,-0.043090,251.356142,0.000000
P,e-puck(9),-0.027193,-0.043335,248.535968,0.000000
P,e-puck(9),-0.026963,-0.043758,246.657730,0.000000
P,e-puck(9),-0.026586,-0.044193,244.188868,0.000000
P,e-puck(9),-0.026123,-0.044386,241.554275,0.000000
P,e-puck(9),-0.025634,-0.044671,238.734620,0.000000
P,e-puck(9),-0.025091,-0.044522,236.403666,0.000000
P,e-puck(9),-0.024770,-0.044953,233.706701,0.000000
P,e-puck(9),-0.023994,-0.045157,231.123367,0.000000
P,e-puck(9),-0.024400,-0.046570,228.423269,0.000000
P,e-puck(9),-0.023139,-0.046752,226.478837,0.000000
P,e-puck(9),-0.022942,-0.047392,223.658051,0.000000
P,e-puck(9),-0.022571,-0.047790,220.921187,0.000000
P,e-puck(9),-0.022189,-0.048233,218.098575,0.000000
P,e-puck(9),-0.021711,-0.048599,215.278172,0.000000
P,e-puck(9),-0.021121,-0.048944,212.455711,0.000000
P,e-puck(9),-0.020801,-0.049434,209.634468,0.000000
P,e-puck(9),-0.020862,-0.049987,207.016467,0.000000
P,e-puck(9),-0.020314,-0.050715,204.194598,0.000000
P,e-puck(9),-0.020067,-0.051150,201.496469,0.000000
P,e-puck(9),-0.019722,-0.051637,198.679769,0.000000
P,e-puck(9),-0.019360,-0.052241,196.238214,0.000000
P,e-puck(9),-0.019121,-0.052701,193.472334,0.000000
P,e-puck(9),-0.018918,-0.053139,190.650059,0.000000
P,e-puck(9),-0.018731,-0.053586,187.827753,0.000000
P,e-puck(9),-0.018624,-0.054041,185.129343,0.000000
P,e-puck(9),-0.018464,-0.054500,182.332693,0.000000
P,e-puck(9),-0.018551,-0.054941,179.752868,0.000000
P,e-puck(9),-0.018002,-0.055403,177.054684,0.000000
P,e-puck(9),-0.017982,-0.055873,174.232411,0.000000
P,e-puck(9),-0.018068,-0.056304,171.650173,0.000000
P,e-puck(9),-0.018563,-0.056656,169.075486,0.000000
P,e-puck(9),-0.017847,-0.057264,166.374174,0.000000
P,e-puck(9),-0.018157,-0.057782,163.675418,0.000000
P,e-puck(9),-0.018238,-0.058427,160.853045,0.000000
P,e-puck(9),-0.018338,-0.058890,158.058451,0.000000
P,e-puck(9),-0.018539,-0.059273,155.480682,0.000000
P,e-puck(9),-0.018720,-0.059685,152.780737,0.000000
P,e-puck(9),-0.018897,-0.060090,150.130908,0.000000
P,e-puck(9),-0.019125,-0.060456,147.552602,0.000000
P,e-puck(9),-0.019375,-0.060808,144.974056,0.000000
P,e-puck(9),-0.019646,-0.061144,142.395466,0.000000
P,e-puck(9),-0.019937,-0.061464,139.816948,0.000000
P,e-puck(9),-0.020244,-0.061767,137.238571,0.000000
P,e-puck(9),-0.020369,-0.062274,134.539773,0.000000
P,e-puck(9),-0.020718,-0.062535,131.961959,0.000000
P,e-puck(9),-0.021064,-0.062803,129.384533,0.000000
P,e-puck(9),-0.021372,-0.063163,126.596589,0.000000
P,e-puck(9),-0.021721,-0.063457,123.867955,0.000000
P,e-puck(9),-0.022034,-0.063883,121.133176,0.000000
P,e-puck(9),-0.022411,-0.064111,118.501502,0.000000
P,e-puck(9),-0.022792,-0.064357,115.804349,0.000000
P,e-puck(9),-0.023188,-0.064528,113.228565,0.000000
P,e-puck(9),-0.023595,-0.064673,110.652883,0.000000
P,e-puck(9),-0.023986,-0.064862,108.077381,0.000000
P,e-puck(9),-0.024394,-0.065091,105.329211,0.000000
P,e-puck(9),-0.024818,-0.065214,102.687948,0.000000
P,e-puck(9),-0.025246,-0.065312,100.065325,0.000000
P,e-puck(9),-0.025675,-0.065367,97.490518,0.000000
P,e-puck(9),-0.026107,-0.065393,94.915903,0.000000
P,e-puck(9),-0.026539,-0.065394,92.341482,0.000000
P,e-puck(9),-0.026970,-0.065369,89.767257,0.000000
P,e-puck(9),-0.027396,-0.065322,87.193218,0.000000
P,e-puck(9),-0.027822,-0.065253,84.602329,0.000000
P,e-puck(9),-0.028247,-0.065164,82.002008,0.000000
P,e-puck(9),-0.028666,-0.065059,79.408977,0.000000
P,e-puck(9),-0.029079,-0.064939,76.820292,0.000000
P,e-puck(9),-0.029487,-0.064805,74.234481,0.000000
P,e-puck(9),-0.029889,-0.064660,71.650722,0.000000
P,e-puck(9),-0.030239,-0.064517,69.375174,0.000000
P,e-puck(9),-0.030580,-0.064301,66.993151,0.000000
P,e-puck(9),-0.030814,-0.063752,64.367184,0.000000
P,e-puck(9),-0.030916,-0.063128,62.126199,0.000000
P,e-puck(9),-0.030778,-0.062677,60.492243,0.000000
P,e-puck(9),-0.030958,-0.063053,59.486888,0.000000
P,e-puck(9),-0.030659,-0.062582,58.587635,0.000000
P,e-puck(9),-0.030214,-0.062156,57.989349,0.000000
P,e-puck(9),-0.029903,-0.062035,58.796286,0.000000
P,e-puck(9),-0.030521,-0.061725,60.630384,0.000000
P,e-puck(9),-0.028927,-0.062020,60.630262,0.000000
P,e-puck(9),-0.028772,-0.061735,60.325839,0.000000
P,e-puck(9),-0.028237,-0.061073,60.369151,0.000000
P,e-puck(9),-0.027670,-0.060891,60.397823,0.000000
P,e-puck(9),-0.027087,-0.060870,60.417307,0.000000
P,e-puck(9),-0.026727,-0.060884,60.426854,0.000000
P,e-puck(9),-0.026380,-0.060437,60.652842,0.000000
P,e-puck(9),-0.025528,-0.059232,60.646684,0.000000
P,e-puck(9),-0.025943,-0.059987,60.651434,0.000000
P,e-puck(9),-0.025792,-0.059602,60.437086,0.000000
P,e-puck(9),-0.025530,-0.059487,60.612441,0.000000
P,e-puck(9),-0.025072,-0.059248,60.201938,0.000000
P,e-puck(9),-0.024602,-0.059183,60.761467,0.000000
P,e-puck(9),-0.024659,-0.059338,60.286135,0.000000
P,e-puck(9),-0.024364,-0.059727,59.745080,0.000000
P,e-puck(9),-0.024317,-0.060039,58.092920,0.000000
P,e-puck(9),-0.024427,-0.060050,56.050261,0.000000
P,e-puck(9),-0.024630,-0.060026,53.898909,0.000000
P,e-puck(9),-0.024619,-0.059794,52.120722,0.000000
P,e-puck(9),-0.024362,-0.060409,50.881653,0.000000
P,e-puck(9),-0.024102,-0.060420,49.535969,0.000000
P,e-puck(9),-0.024348,-0.060640,48.001905,0.000000
P,e-puck(9),-0.024038,-0.060635,46.411304,0.000000
P,e-puck(9),-0.024058,-0.060954,44.409615,0.000000
P,e-puck(9),-0.024197,-0.061247,42.134089,0.000000
P,e-puck(9),-0.024588,-0.060966,39.310775,0.000000
P,e-puck(9),-0.024967,-0.060740,36.486613,0.000000
P,e-puck(9),-0.025334,-0.060527,33.662395,0.000000
P,e-puck(9),-0.025687,-0.060224,30.838586,0.000000
P,e-puck(9),-0.026020,-0.059871,28.015845,0.000000
P,e-puck(9),-0.026340,-0.059581,25.192958,0.000000
P,e-puck(9),-0.026644,-0.059323,22.370588,0.000000
P,e-puck(9),-0.026792,-0.058918,19.795809,0.000000
P,e-puck(9),-0.026933,-0.058509,17.209459,0.000000
P,e-puck(9),-0.027130,-0.058091,14.478464,0.000000
P,e-puck(9),-0.027224,-0.057672,11.903910,0.000000
P,e-puck(9),-0.027277,-0.057239,9.298315,0.000000
P,e-puck(9),-0.027201,-0.056796,6.723939,0.000000
P,e-puck(9),-0.028085,-0.056445,4.149140,0.000000
P,e-puck(9),-0.027386,-0.056213,1.574693,0.000000
P,e-puck(9),-0.027317,-0.055200,358.789658,0.000000
P,e-puck(9),-0.027535,-0.055127,355.997768,0.000000
P,e-puck(9),-0.027214,-0.054997,353.419853,0.000000
P,e-puck(9),-0.027054,-0.054599,350.648973,0.000000
P,e-puck(9),-0.026982,-0.054217,347.835451,0.000000
P,e-puck(9),-0.026641,-0.052137,344.984159,0.000000
P,e-puck(9),-0.026891,-0.053137,342.038407,0.000000
P,e-puck(9),-0.026730,-0.052909,339.294613,0.000000
P,e-puck(9),-0.026775,-0.052868,336.555860,0.000000
P,e-puck(9),-0.026404,-0.052691,333.750309,0.000000
P,e-puck(9),-0.026802,-0.052277,331.783880,0.000000
P,e-puck(9),-0.026286,-0.052446,329.086533,0.000000
P,e-puck(9),-0.026027,-0.052244,326.389252,0.000000
P,e-puck(9),-0.025768,-0.052074,323.568404,0.000000
P,e-puck(9),-0.025429,-0.051957,320.827468,0.000000
P,e-puck(9),-0.025034,-0.051727,318.006349,0.000000
P,e-puck(9),-0.024718,-0.051513,315.185596,0.000000
P,e-puck(9),-0.024446,-0.051243,312.487860,0.000000
P,e-puck(9),-0.024161,-0.051045,309.755755,0.000000
P,e-puck(9),-0.023843,-0.050903,306.936165,0.000000
P,e-puck(9),-0.022404,-0.050232,303.586968,0.000000
P,e-puck(9),-0.022733,-0.050732,300.923015,0.000000
