P,e-puck(2),0.571594,0.145991,154.526681,0.000000
P,e-puck(2),0.571587,0.146000,154.526662,0.000000
P,e-puck(2),0.571220,0.146179,154.526700,0.000000
P,e-puck(2),0.570589,0.146482,154.526744,0.000000
P,e-puck(2),0.569441,0.147030,154.526813,0.000000
P,e-puck(2),0.568286,0.147581,154.526862,0.000000
P,e-puck(2),0.567125,0.148135,154.526896,0.000000
P,e-puck(2),0.565959,0.148691,154.526919,0.000000
P,e-puck(2),0.564788,0.149249,154.526933,0.000000
P,e-puck(2),0.563613,0.149809,154.526944,0.000000
P,e-puck(2),0.562435,0.150370,154.526956,0.000000
P,e-puck(2),0.561256,0.150932,154.526970,0.000000
P,e-puck(2),0.560077,0.151493,154.526990,0.000000
P,e-puck(2),0.558900,0.152054,154.527013,0.000000
P,e-puck(2),0.557724,0.152614,154.527038,0.000000
P,e-puck(2),0.556552,0.153173,154.527064,0.000000
P,e-puck(2),0.555385,0.153729,154.527086,0.000000
P,e-puck(2),0.554223,0.154283,154.527104,0.000000
P,e-puck(2),0.553066,0.154834,154.527114,0.000000
P,e-puck(2),0.551914,0.155382,154.527117,0.000000
P,e-puck(2),0.550768,0.155928,154.527114,0.000000
P,e-puck(2),0.549626,0.156472,154.527107,0.000000
P,e-puck(2),0.548488,0.157015,154.527098,0.000000
P,e-puck(2),0.547352,0.157556,154.527091,0.000000
P,e-puck(2),0.546218,0.158096,154.527086,0.000000
P,e-puck(2),0.545084,0.158636,154.527084,0.000000
P,e-puck(2),0.543949,0.159177,154.527085,0.000000
P,e-puck(2),0.542811,0.159719,154.527088,0.000000
P,e-puck(2),0.541670,0.160263,154.527090,0.000000
P,e-puck(2),0.540525,0.160809,154.527088,0.000000
P,e-puck(2),0.539375,0.161357,154.527081,0.000000
P,e-puck(2),0.538219,0.161907,154.527066,0.000000
P,e-puck(2),0.537059,0.162460,154.527045,0.000000
P,e-puck(2),0.535893,0.163015,154.527019,0.000000
P,e-puck(2),0.534724,0.163572,154.526989,0.000000
P,e-puck(2),0.533551,0.164131,154.526958,0.000000
P,e-puck(2),0.532376,0.164691,154.526929,0.000000
P,e-puck(2),0.531200,0.165251,154.526903,0.000000
P,e-puck(2),0.530025,0.165811,154.526880,0.000000
P,e-puck(2),0.528851,0.166370,154.526861,0.000000
P,e-puck(2),0.527679,0.166928,154.526843,0.000000
P,e-puck(2),0.526511,0.167485,154.526824,0.000000
P,e-puck(2),0.525348,0.168039,154.526803,0.000000
P,e-puck(2),0.524190,0.168591,154.526777,0.000000
P,e-puck(2),0.523037,0.169140,154.526746,0.000000
P,e-puck(2),0.521889,0.169687,154.526712,0.000000
P,e-puck(2),0.520746,0.170232,154.526675,0.000000
P,e-puck(2),0.519606,0.170774,154.526637,0.000000
P,e-puck(2),0.518470,0.171315,154.526600,0.000000
P,e-puck(2),0.517336,0.171856,154.526567,0.000000
P,e-puck(2),0.516203,0.172396,154.526538,0.000000
P,e-puck(2),0.515069,0.172936,154.526515,0.000000
P,e-puck(2),0.513933,0.173477,154.526495,0.000000
P,e-puck(2),0.512794,0.174020,154.526478,0.000000
P,e-puck(2),0.511651,0.174564,154.526460,0.000000
P,e-puck(2),0.510504,0.175111,154.526440,0.000000
P,e-puck(2),0.509351,0.175660,154.526415,0.000000
P,e-puck(2),0.508192,0.176212,154.526386,0.000000
P,e-puck(2),0.507029,0.176766,154.526353,0.000000
P,e-puck(2),0.505860,0.177323,154.526317,0.000000
P,e-puck(2),0.504687,0.177882,154.526281,0.000000
P,e-puck(2),0.503511,0.178442,154.526248,0.000000
P,e-puck(2),0.502333,0.179003,154.526221,0.000000
P,e-puck(2),0.501154,0.179565,154.526201,0.000000
P,e-puck(2),0.499975,0.180127,154.526190,0.000000
P,e-puck(2),0.498799,0.180687,154.526185,0.000000
P,e-puck(2),0.497625,0.181246,154.526185,0.000000
P,e-puck(2),0.496455,0.181804,154.526187,0.000000
P,e-puck(2),0.495290,0.182359,154.526189,0.000000
P,e-puck(2),0.494130,0.182911,154.526188,0.000000
P,e-puck(2),0.492975,0.183461,154.526183,0.000000
P,e-puck(2),0.491826,0.184009,154.526175,0.000000
P,e-puck(2),0.490682,0.184554,154.526165,0.000000
P,e-puck(2),0.489542,0.185097,154.526156,0.000000
P,e-puck(2),0.488405,0.185638,154.526150,0.000000
P,e-puck(2),0.487271,0.186179,154.526149,0.000000
P,e-puck(2),0.486137,0.186719,154.526156,0.000000
P,e-puck(2),0.485003,0.187259,154.526169,0.000000
P,e-puck(2),0.483867,0.187800,154.526189,0.000000
P,e-puck(2),0.482728,0.188343,154.526213,0.000000
P,e-puck(2),0.481586,0.188887,154.526238,0.000000
P,e-puck(2),0.480439,0.189433,154.526262,0.000000
P,e-puck(2),0.479287,0.189982,154.526283,0.000000
P,e-puck(2),0.478130,0.190533,154.526301,0.000000
P,e-puck(2),0.476968,0.191087,154.526315,0.000000
P,e-puck(2),0.475802,0.191643,154.526326,0.000000
P,e-puck(2),0.474631,0.192200,154.526338,0.000000
P,e-puck(2),0.473458,0.192759,154.526352,0.000000
P,e-puck(2),0.472283,0.193319,154.526371,0.000000
P,e-puck(2),0.471107,0.193879,154.526395,0.000000
P,e-puck(2),0.469932,0.194439,154.526424,0.000000
P,e-puck(2),0.468759,0.194998,154.526457,0.000000
P,e-puck(2),0.467589,0.195555,154.526493,0.000000
P,e-puck(2),0.466423,0.196111,154.526528,0.000000
P,e-puck(2),0.465261,0.196664,154.526562,0.000000
P,e-puck(2),0.464105,0.197215,154.526591,0.000000
P,e-puck(2),0.462953,0.197764,154.526618,0.000000
P,e-puck(2),0.461807,0.198310,154.526643,0.000000
P,e-puck(2),0.460664,0.198854,154.526667,0.000000
P,e-puck(2),0.459526,0.199397,154.526693,0.000000
P,e-puck(2),0.458390,0.199938,154.526723,0.000000
P,e-puck(2),0.457256,0.200478,154.526757,0.000000
P,e-puck(2),0.456121,0.201019,154.526795,0.000000
P,e-puck(2),0.454986,0.201559,154.526837,0.000000
P,e-puck(2),0.453848,0.202101,154.526880,0.000000
P,e-puck(2),0.452707,0.202645,154.526922,0.000000
P,e-puck(2),0.451562,0.203191,154.526958,0.000000
P,e-puck(2),0.450412,0.203739,154.526988,0.000000
P,e-puck(2),0.449257,0.204289,154.527010,0.000000
P,e-puck(2),0.448096,0.204842,154.527025,0.000000
P,e-puck(2),0.446930,0.205397,154.527033,0.000000
P,e-puck(2),0.445760,0.205955,154.527037,0.000000
P,e-puck(2),0.444586,0.206514,154.527039,0.000000
P,e-puck(2),0.443409,0.207075,154.527043,0.000000
P,e-puck(2),0.442230,0.207636,154.527050,0.000000
P,e-puck(2),0.441052,0.208198,154.527061,0.000000
P,e-puck(2),0.439874,0.208759,154.527076,0.000000
P,e-puck(2),0.438699,0.209319,154.527093,0.000000
P,e-puck(2),0.437527,0.209877,154.527110,0.000000
P,e-puck(2),0.436359,0.210434,154.527125,0.000000
P,e-puck(2),0.435196,0.210987,154.527134,0.000000
P,e-puck(2),0.434039,0.211539,154.527135,0.000000
P,e-puck(2),0.432887,0.212088,154.527130,0.000000
P,e-puck(2),0.431740,0.212634,154.527118,0.000000
P,e-puck(2),0.430598,0.213178,154.527101,0.000000
P,e-puck(2),0.429460,0.213720,154.527083,0.000000
P,e-puck(2),0.428324,0.214261,154.527065,0.000000
P,e-puck(2),0.427190,0.214802,154.527050,0.000000
P,e-puck(2),0.426057,0.215342,154.527039,0.000000
P,e-puck(2),0.424923,0.215882,154.527032,0.000000
P,e-puck(2),0.423786,0.216424,154.527026,0.000000
P,e-puck(2),0.422646,0.216966,154.527021,0.000000
P,e-puck(2),0.421503,0.217511,154.527013,0.000000
P,e-puck(2),0.420354,0.218058,154.527000,0.000000
P,e-puck(2),0.419201,0.218608,154.526981,0.000000
P,e-puck(2),0.418042,0.219160,154.526955,0.000000
P,e-puck(2),0.416878,0.219714,154.526923,0.000000
P,e-puck(2),0.415711,0.220271,154.526887,0.000000
P,e-puck(2),0.414539,0.220829,154.526850,0.000000
P,e-puck(2),0.413365,0.221388,154.526813,0.000000
P,e-puck(2),0.412190,0.221948,154.526780,0.000000
P,e-puck(2),0.411014,0.222508,154.526750,0.000000
P,e-puck(2),0.409840,0.223068,154.526725,0.000000
P,e-puck(2),0.408668,0.223626,154.526702,0.000000
P,e-puck(2),0.407499,0.224183,154.526680,0.000000
P,e-puck(2),0.406334,0.224738,154.526656,0.000000
P,e-puck(2),0.405174,0.225290,154.526628,0.000000
P,e-puck(2),0.404019,0.225841,154.526595,0.000000
P,e-puck(2),0.402869,0.226389,154.526557,0.000000
P,e-puck(2),0.401723,0.226934,154.526517,0.000000
P,e-puck(2),0.400582,0.227478,154.526477,0.000000
P,e-puck(2),0.399444,0.228020,154.526439,0.000000
P,e-puck(2),0.398308,0.228562,154.526406,0.000000
P,e-puck(2),0.397173,0.229102,154.526378,0.000000
P,e-puck(2),0.396037,0.229643,154.526358,0.000000
P,e-puck(2),0.394901,0.230185,154.526344,0.000000
P,e-puck(2),0.393761,0.230727,154.526334,0.000000
P,e-puck(2),0.392618,0.231272,154.526324,0.000000
P,e-puck(2),0.391471,0.231819,154.526312,0.000000
P,e-puck(2),0.390319,0.232368,154.526296,0.000000
P,e-puck(2),0.389161,0.232919,154.526276,0.000000
P,e-puck(2),0.387999,0.233473,154.526251,0.000000
P,e-puck(2),0.386831,0.234029,154.526225,0.000000
P,e-puck(2),0.385659,0.234587,154.526198,0.000000
P,e-puck(2),0.384484,0.235147,154.526175,0.000000
P,e-puck(2),0.383307,0.235708,154.526157,0.000000
P,e-puck(2),0.382129,0.236269,154.526146,0.000000
P,e-puck(2),0.380951,0.236830,154.526144,0.000000
P,e-puck(2),0.379775,0.237391,154.526148,0.000000
P,e-puck(2),0.378601,0.237950,154.526156,0.000000
P,e-puck(2),0.377431,0.238507,154.526168,0.000000
P,e-puck(2),0.376265,0.239063,154.526179,0.000000
P,e-puck(2),0.375105,0.239615,154.526187,0.000000
P,e-puck(2),0.373950,0.240165,154.526192,0.000000
P,e-puck(2),0.372801,0.240713,154.526193,0.000000
P,e-puck(2),0.371656,0.241258,154.526192,0.000000
P,e-puck(2),0.370516,0.241802,154.526191,0.000000
P,e-puck(2),0.369379,0.242343,154.526193,0.000000
P,e-puck(2),0.368244,0.242884,154.526200,0.000000
P,e-puck(2),0.367111,0.243424,154.526213,0.000000
P,e-puck(2),0.365978,0.243964,154.526234,0.000000
P,e-puck(2),0.364843,0.244504,154.526262,0.000000
P,e-puck(2),0.363706,0.245046,154.526294,0.000000
P,e-puck(2),0.362565,0.245590,154.526327,0.000000
P,e-puck(2),0.361419,0.246135,154.526360,0.000000
P,e-puck(2),0.360269,0.246683,154.526390,0.000000
P,e-puck(2),0.359114,0.247233,154.526415,0.000000
P,e-puck(2),0.357954,0.247786,154.526435,0.000000
P,e-puck(2),0.356788,0.248341,154.526452,0.000000
P,e-puck(2),0.355619,0.248898,154.526468,0.000000
P,e-puck(2),0.354447,0.249457,154.526484,0.000000
P,e-puck(2),0.353272,0.250016,154.526504,0.000000
P,e-puck(2),0.352096,0.250577,154.526528,0.000000
P,e-puck(2),0.350921,0.251137,154.526556,0.000000
P,e-puck(2),0.349747,0.251696,154.526590,0.000000
P,e-puck(2),0.348576,0.252254,154.526628,0.000000
P,e-puck(2),0.347408,0.252810,154.526668,0.000000
P,e-puck(2),0.346244,0.253365,154.526708,0.000000
P,e-puck(2),0.345086,0.253917,154.526744,0.000000
P,e-puck(2),0.343932,0.254466,154.526777,0.000000
P,e-puck(2),0.342783,0.255014,154.526805,0.000000
P,e-puck(2),0.341638,0.255559,154.526830,0.000000
P,e-puck(2),0.340497,0.256103,154.526853,0.000000
P,e-puck(2),0.339359,0.256645,154.526876,0.000000
P,e-puck(2),0.338223,0.257186,154.526901,0.000000
P,e-puck(2),0.337088,0.257727,154.526928,0.000000
P,e-puck(2),0.335952,0.258268,154.526958,0.000000
P,e-puck(2),0.334814,0.258810,154.526989,0.000000
P,e-puck(2),0.333673,0.259354,154.527021,0.000000
P,e-puck(2),0.332528,0.259899,154.527049,0.000000
P,e-puck(2),0.331379,0.260447,154.527072,0.000000
P,e-puck(2),0.330225,0.260997,154.527089,0.000000
P,e-puck(2),0.329065,0.261549,154.527098,0.000000
P,e-puck(2),0.327901,0.262104,154.527101,0.000000
P,e-puck(2),0.326732,0.262660,154.527099,0.000000
P,e-puck(2),0.325559,0.263219,154.527095,0.000000
P,e-puck(2),0.324384,0.263779,154.527091,0.000000
P,e-puck(2),0.323206,0.264340,154.527090,0.000000
P,e-puck(2),0.322029,0.264901,154.527092,0.000000
P,e-puck(2),0.320852,0.265462,154.527098,0.000000
P,e-puck(2),0.319677,0.266022,154.527106,0.000000
P,e-puck(2),0.318505,0.266580,154.527114,0.000000
P,e-puck(2),0.317337,0.267136,154.527119,0.000000
P,e-puck(2),0.316174,0.267691,154.527120,0.000000
P,e-puck(2),0.315016,0.268242,154.527113,0.000000
P,e-puck(2),0.313863,0.268791,154.527100,0.000000
P,e-puck(2),0.312716,0.269338,154.527079,0.000000
P,e-puck(2),0.311573,0.269882,154.527055,0.000000
P,e-puck(2),0.310435,0.270425,154.527028,0.000000
P,e-puck(2),0.309299,0.270966,154.527002,0.000000
P,e-puck(2),0.308166,0.271506,154.526979,0.000000
P,e-puck(2),0.307033,0.272045,154.526960,0.000000
P,e-puck(2),0.305899,0.272585,154.526946,0.000000
P,e-puck(2),0.304764,0.273126,154.526934,0.000000
P,e-puck(2),0.303626,0.273669,154.526924,0.000000
P,e-puck(2),0.302483,0.274213,154.526912,0.000000
P,e-puck(2),0.301336,0.274759,154.526895,0.000000
P,e-puck(2),0.300184,0.275308,154.526873,0.000000
P,e-puck(2),0.299027,0.275859,154.526844,0.000000
P,e-puck(2),0.297865,0.276413,154.526808,0.000000
P,e-puck(2),0.296698,0.276969,154.526769,0.000000
P,e-puck(2),0.295527,0.277527,154.526727,0.000000
P,e-puck(2),0.294354,0.278086,154.526686,0.000000
P,e-puck(2),0.293178,0.278646,154.526647,0.000000
P,e-puck(2),0.292002,0.279206,154.526611,0.000000
P,e-puck(2),0.290827,0.279766,154.526578,0.000000
P,e-puck(2),0.289653,0.280325,154.526549,0.000000
P,e-puck(2),0.288483,0.280883,154.526521,0.000000
P,e-puck(2),0.287316,0.281439,154.526493,0.000000
P,e-puck(2),0.286153,0.281993,154.526464,0.000000
P,e-puck(2),0.284996,0.282544,154.526434,0.000000
P,e-puck(2),0.283843,0.283093,154.526401,0.000000
P,e-puck(2),0.282695,0.283640,154.526367,0.000000
P,e-puck(2),0.281551,0.284185,154.526335,0.000000
P,e-puck(2),0.280411,0.284728,154.526305,0.000000
P,e-puck(2),0.279274,0.285270,154.526279,0.000000
P,e-puck(2),0.278138,0.285811,154.526258,0.000000
P,e-puck(2),0.277002,0.286352,154.526243,0.000000
P,e-puck(2),0.275865,0.286894,154.526233,0.000000
P,e-puck(2),0.274726,0.287437,154.526227,0.000000
P,e-puck(2),0.273584,0.287981,154.526223,0.000000
P,e-puck(2),0.272437,0.288527,154.526219,0.000000
P,e-puck(2),0.271286,0.289075,154.526212,0.000000
P,e-puck(2),0.270131,0.289626,154.526201,0.000000
P,e-puck(2),0.268970,0.290179,154.526188,0.000000
P,e-puck(2),0.267804,0.290734,154.526172,0.000000
P,e-puck(2),0.266634,0.291292,154.526156,0.000000
P,e-puck(2),0.265460,0.291851,154.526142,0.000000
P,e-puck(2),0.264284,0.292411,154.526134,0.000000
P,e-puck(2),0.263107,0.292972,154.526132,0.000000
P,e-puck(2),0.261930,0.293533,154.526138,0.000000
P,e-puck(2),0.260754,0.294093,154.526150,0.000000
P,e-puck(2),0.259580,0.294652,154.526167,0.000000
P,e-puck(2),0.258410,0.295209,154.526187,0.000000
P,e-puck(2),0.257244,0.295765,154.526207,0.000000
P,e-puck(2),0.256084,0.296318,154.526224,0.000000
P,e-puck(2),0.254928,0.296868,154.526238,0.000000
P,e-puck(2),0.253778,0.297416,154.526247,0.000000
P,e-puck(2),0.252633,0.297961,154.526255,0.000000
P,e-puck(2),0.251493,0.298505,154.526262,0.000000
P,e-puck(2),0.250356,0.299046,154.526271,0.000000
P,e-puck(2),0.249221,0.299587,154.526285,0.000000
P,e-puck(2),0.248088,0.300127,154.526306,0.000000
P,e-puck(2),0.246955,0.300666,154.526333,0.000000
P,e-puck(2),0.245822,0.301207,154.526367,0.000000
P,e-puck(2),0.244685,0.301748,154.526406,0.000000
P,e-puck(2),0.243546,0.302291,154.526446,0.000000
P,e-puck(2),0.242402,0.302836,154.526485,0.000000
P,e-puck(2),0.241253,0.303383,154.526521,0.000000
P,e-puck(2),0.240099,0.303933,154.526551,0.000000
P,e-puck(2),0.238939,0.304485,154.526575,0.000000
P,e-puck(2),0.237775,0.305040,154.526595,0.000000
P,e-puck(2),0.236606,0.305597,154.526612,0.000000
P,e-puck(2),0.235434,0.306155,154.526630,0.000000
P,e-puck(2),0.234259,0.306715,154.526652,0.000000
P,e-puck(2),0.233083,0.307275,154.526678,0.000000
P,e-puck(2),0.231906,0.307836,154.526710,0.000000
P,e-puck(2),0.230731,0.308396,154.526747,0.000000
P,e-puck(2),0.229557,0.308955,154.526787,0.000000
P,e-puck(2),0.228387,0.309512,154.526828,0.000000
P,e-puck(2),0.227222,0.310068,154.526866,0.000000
P,e-puck(2),0.226060,0.310621,154.526899,0.000000
P,e-puck(2),0.224904,0.311172,154.526926,0.000000
P,e-puck(2),0.223753,0.311720,154.526946,0.000000
P,e-puck(2),0.222606,0.312266,154.526962,0.000000
P,e-puck(2),0.221464,0.312811,154.526976,0.000000
P,e-puck(2),0.220324,0.313353,154.526989,0.000000
P,e-puck(2),0.219187,0.313895,154.527004,0.000000
P,e-puck(2),0.218052,0.314436,154.527021,0.000000
P,e-puck(2),0.216915,0.314978,154.527041,0.000000
P,e-puck(2),0.215778,0.315519,154.527063,0.000000
P,e-puck(2),0.214638,0.316063,154.527085,0.000000
P,e-puck(2),0.213495,0.316607,154.527105,0.000000
P,e-puck(2),0.212347,0.317154,154.527121,0.000000
P,e-puck(2),0.211194,0.317703,154.527131,0.000000
P,e-puck(2),0.210037,0.318255,154.527133,0.000000
P,e-puck(2),0.208874,0.318809,154.527129,0.000000
P,e-puck(2),0.207707,0.319365,154.527120,0.000000
P,e-puck(2),0.206536,0.319923,154.527109,0.000000
P,e-puck(2),0.205362,0.320482,154.527096,0.000000
P,e-puck(2),0.204186,0.321042,154.527086,0.000000
P,e-puck(2),0.203009,0.321603,154.527079,0.000000
P,e-puck(2),0.201832,0.322163,154.527075,0.000000
P,e-puck(2),0.200658,0.322723,154.527073,0.000000
P,e-puck(2),0.199486,0.323281,154.527071,0.000000
P,e-puck(2),0.198318,0.323838,154.527068,0.000000
P,e-puck(2),0.197154,0.324392,154.527060,0.000000
P,e-puck(2),0.195996,0.324944,154.527046,0.000000
P,e-puck(2),0.194843,0.325493,154.527025,0.000000
P,e-puck(2),0.193695,0.326040,154.526998,0.000000
P,e-puck(2),0.192552,0.326585,154.526967,0.000000
P,e-puck(2),0.191413,0.327127,154.526934,0.000000
P,e-puck(2),0.190278,0.327668,154.526902,0.000000
P,e-puck(2),0.189144,0.328208,154.526873,0.000000
P,e-puck(2),0.188012,0.328748,154.526850,0.000000
P,e-puck(2),0.186879,0.329287,154.526831,0.000000
P,e-puck(2),0.185744,0.329828,154.526816,0.000000
P,e-puck(2),0.184607,0.330370,154.526803,0.000000
P,e-puck(2),0.183465,0.330914,154.526789,0.000000
P,e-puck(2),0.182319,0.331460,154.526771,0.000000
P,e-puck(2),0.181168,0.332008,154.526748,0.000000
P,e-puck(2),0.180012,0.332559,154.526717,0.000000
P,e-puck(2),0.178850,0.333113,154.526678,0.000000
P,e-puck(2),0.177683,0.333668,154.526633,0.000000
P,e-puck(2),0.176513,0.334226,154.526585,0.000000
P,e-puck(2),0.175338,0.334785,154.526537,0.000000
P,e-puck(2),0.174162,0.335346,154.526491,0.000000
P,e-puck(2),0.172985,0.335907,154.526451,0.000000
P,e-puck(2),0.171808,0.336467,154.526416,0.000000
P,e-puck(2),0.170633,0.337027,154.526389,0.000000
P,e-puck(2),0.169460,0.337586,154.526366,0.000000
P,e-puck(2),0.168291,0.338143,154.526348,0.000000
P,e-puck(2),0.167126,0.338698,154.526330,0.000000
P,e-puck(2),0.165967,0.339250,154.526311,0.000000
P,e-puck(2),0.164812,0.339800,154.526289,0.000000
P,e-puck(2),0.163663,0.340348,154.526264,0.000000
P,e-puck(2),0.162518,0.340893,154.526239,0.000000
P,e-puck(2),0.161376,0.341437,154.526215,0.000000
P,e-puck(2),0.160238,0.341979,154.526193,0.000000
P,e-puck(2),0.159102,0.342521,154.526177,0.000000
P,e-puck(2),0.157966,0.343062,154.526167,0.000000
P,e-puck(2),0.156830,0.343603,154.526162,0.000000
P,e-puck(2),0.155692,0.344145,154.526163,0.000000
P,e-puck(2),0.154551,0.344689,154.526166,0.000000
P,e-puck(2),0.153406,0.345234,154.526171,0.000000
P,e-puck(2),0.152257,0.345781,154.526174,0.000000
P,e-puck(2),0.151103,0.346331,154.526174,0.000000
P,e-puck(2),0.149943,0.346883,154.526171,0.000000
P,e-puck(2),0.148779,0.347438,154.526166,0.000000
P,e-puck(2),0.147611,0.347995,154.526161,0.000000
P,e-puck(2),0.146439,0.348553,154.526157,0.000000
P,e-puck(2),0.145264,0.349113,154.526157,0.000000
P,e-puck(2),0.144088,0.349673,154.526164,0.000000
P,e-puck(2),0.142912,0.350233,154.526177,0.000000
P,e-puck(2),0.141736,0.350793,154.526196,0.000000
P,e-puck(2),0.140583,0.351385,154.768034,0.000000
P,e-puck(2),0.139964,0.351857,155.787178,0.000000
P,e-puck(2),0.139602,0.352291,157.324973,0.000000
P,e-puck(2),0.139404,0.352704,159.208936,0.000000
P,e-puck(2),0.139309,0.353107,161.324012,0.000000
P,e-puck(2),0.139436,0.353508,163.900968,0.000000
P,e-puck(2),0.139552,0.353914,166.478719,0.000000
P,e-puck(2),0.139647,0.354294,168.860718,0.000000
P,e-puck(2),0.139465,0.354612,170.545546,0.000000
P,e-puck(2),0.138760,0.354914,171.664768,0.000000
P,e-puck(2),0.137857,0.355166,172.401756,0.000000
P,e-puck(2),0.136830,0.355381,172.892774,0.000000
P,e-puck(2),0.135556,0.355537,172.891300,0.000000
P,e-puck(2),0.134273,0.355696,172.890023,0.000000
P,e-puck(2),0.132982,0.355856,172.889003,0.000000
P,e-puck(2),0.131685,0.356017,172.888227,0.000000
P,e-puck(2),0.130384,0.356179,172.887658,0.000000
P,e-puck(2),0.129081,0.356341,172.887255,0.000000
P,e-puck(2),0.127777,0.356503,172.886983,0.000000
P,e-puck(2),0.126476,0.356666,172.886808,0.000000
P,e-puck(2),0.125178,0.356828,172.886703,0.000000
P,e-puck(2),0.123885,0.356989,172.886648,0.000000
P,e-puck(2),0.122599,0.357149,172.886624,0.000000
P,e-puck(2),0.121322,0.357309,172.886620,0.000000
P,e-puck(2),0.120052,0.357467,172.886628,0.000000
P,e-puck(2),0.118791,0.357624,172.886642,0.000000
P,e-puck(2),0.117795,0.357886,173.744888,0.000000
P,e-puck(2),0.117312,0.358169,175.175230,0.000000
P,e-puck(2),0.116990,0.358489,176.987363,0.000000
P,e-puck(2),0.116771,0.358836,179.054263,0.000000
P,e-puck(2),0.116779,0.359257,181.630508,0.000000
P,e-puck(2),0.116776,0.359680,184.207431,0.000000
P,e-puck(2),0.116761,0.360106,186.807692,0.000000
P,e-puck(2),0.116732,0.360532,189.402443,0.000000
P,e-puck(2),0.116688,0.360956,191.992957,0.000000
P,e-puck(2),0.116628,0.361380,194.580404,0.000000
P,e-puck(2),0.116549,0.361801,197.165553,0.000000
P,e-puck(2),0.116261,0.362022,198.964838,0.000000
P,e-puck(2),0.115532,0.361978,200.162119,0.000000
P,e-puck(2),0.114631,0.361777,200.924585,0.000000
P,e-puck(2),0.113634,0.361482,201.432341,0.000000
P,e-puck(2),0.112440,0.361011,201.430172,0.000000
P,e-puck(2),0.111237,0.360537,201.428471,0.000000
P,e-puck(2),0.110026,0.360061,201.427196,0.000000
P,e-puck(2),0.108810,0.359583,201.426268,0.000000
P,e-puck(2),0.107589,0.359103,201.425602,0.000000
P,e-puck(2),0.106365,0.358623,201.425129,0.000000
P,e-puck(2),0.105142,0.358142,201.424794,0.000000
P,e-puck(2),0.103919,0.357662,201.424554,0.000000
P,e-puck(2),0.102701,0.357184,201.424382,0.000000
P,e-puck(2),0.101488,0.356708,201.424260,0.000000
P,e-puck(2),0.100281,0.356235,201.424176,0.000000
P,e-puck(2),0.099085,0.355765,201.424127,0.000000
P,e-puck(2),0.097900,0.355300,201.424105,0.000000
P,e-puck(2),0.096722,0.354838,201.424102,0.000000
P,e-puck(2),0.095551,0.354378,201.424109,0.000000
P,e-puck(2),0.094385,0.353921,201.424120,0.000000
P,e-puck(2),0.093224,0.353466,201.424127,0.000000
P,e-puck(2),0.092066,0.353011,201.424127,0.000000
P,e-puck(2),0.091051,0.352760,202.281696,0.000000
P,e-puck(2),0.090450,0.352762,203.711822,0.000000
P,e-puck(2),0.089990,0.352880,205.524095,0.000000
P,e-puck(2),0.089617,0.353073,207.591596,0.000000
P,e-puck(2),0.089416,0.353443,210.168853,0.000000
P,e-puck(2),0.089204,0.353808,212.747465,0.000000
P,e-puck(2),0.088981,0.354170,215.326197,0.000000
P,e-puck(2),0.088746,0.354525,217.904484,0.000000
P,e-puck(2),0.088499,0.354874,220.482116,0.000000
P,e-puck(2),0.088238,0.355213,223.059066,0.000000
P,e-puck(2),0.087962,0.355542,225.635385,0.000000
P,e-puck(2),0.087701,0.355826,227.939792,0.000000
P,e-puck(2),0.087172,0.355633,229.545118,0.000000
P,e-puck(2),0.086548,0.355168,230.613521,0.000000
P,e-puck(2),0.085869,0.354520,231.324908,0.000000
P,e-puck(2),0.085150,0.353736,231.777804,0.000000
P,e-puck(2),0.084359,0.352728,231.775798,0.000000
P,e-puck(2),0.083561,0.351713,231.774195,0.000000
P,e-puck(2),0.082759,0.350693,231.772989,0.000000
P,e-puck(2),0.081953,0.349668,231.772112,0.000000
P,e-puck(2),0.081144,0.348640,231.771488,0.000000
P,e-puck(2),0.080333,0.347611,231.771043,0.000000
P,e-puck(2),0.079522,0.346581,231.770727,0.000000
P,e-puck(2),0.078712,0.345552,231.770500,0.000000
P,e-puck(2),0.077904,0.344526,231.770336,0.000000
P,e-puck(2),0.077098,0.343503,231.770219,0.000000
P,e-puck(2),0.076296,0.342484,231.770138,0.000000
P,e-puck(2),0.075498,0.341471,231.770087,0.000000
P,e-puck(2),0.074704,0.340464,231.770061,0.000000
P,e-puck(2),0.073915,0.339462,231.770055,0.000000
P,e-puck(2),0.073130,0.338466,231.770065,0.000000
P,e-puck(2),0.072349,0.337475,231.770085,0.000000
P,e-puck(2),0.071572,0.336487,231.770107,0.000000
P,e-puck(2),0.070796,0.335503,231.770127,0.000000
P,e-puck(2),0.070022,0.334520,231.770139,0.000000
P,e-puck(2),0.069248,0.333538,231.770143,0.000000
P,e-puck(2),0.068473,0.332554,231.770138,0.000000
P,e-puck(2),0.067690,0.331573,231.821126,0.000000
P,e-puck(2),0.066861,0.330631,232.253761,0.000000
P,e-puck(2),0.066105,0.329741,232.596808,0.000000
P,e-puck(2),0.065420,0.328909,232.844127,0.000000
P,e-puck(2),0.064742,0.328244,233.722209,0.000000
P,e-puck(2),0.064227,0.327613,233.986872,0.000000
P,e-puck(2),0.063567,0.326859,234.556286,0.000000
P,e-puck(2),0.062889,0.325904,234.556336,0.000000
P,e-puck(2),0.062112,0.324811,234.556429,0.000000
P,e-puck(2),0.061329,0.323709,234.556345,0.000000
P,e-puck(2),0.060542,0.322603,234.556173,0.000000
P,e-puck(2),0.059755,0.321496,234.555949,0.000000
P,e-puck(2),0.058968,0.320391,234.555694,0.000000
P,e-puck(2),0.058209,0.319323,234.555505,0.000000
P,e-puck(2),0.057476,0.318294,234.555429,0.000000
P,e-puck(2),0.056749,0.317273,234.555390,0.000000
P,e-puck(2),0.056026,0.316257,234.555373,0.000000
P,e-puck(2),0.055306,0.315245,234.555362,0.000000
P,e-puck(2),0.054588,0.314236,234.555347,0.000000
P,e-puck(2),0.053870,0.313227,234.555321,0.000000
P,e-puck(2),0.053151,0.312217,234.555281,0.000000
P,e-puck(2),0.052429,0.311204,234.555233,0.000000
P,e-puck(2),0.051696,0.310174,234.555206,0.000000
P,e-puck(2),0.050950,0.309126,234.555213,0.000000
P,e-puck(2),0.050200,0.308073,234.555228,0.000000
P,e-puck(2),0.049447,0.307015,234.555249,0.000000
P,e-puck(2),0.048691,0.305953,234.555270,0.000000
P,e-puck(2),0.047934,0.304889,234.555286,0.000000
P,e-puck(2),0.047132,0.303859,234.907368,0.000000
P,e-puck(2),0.046500,0.303137,235.551959,0.000000
P,e-puck(2),0.045902,0.302497,236.375321,0.000000
P,e-puck(2),0.045364,0.301818,236.834044,0.000000
P,e-puck(2),0.044776,0.301032,237.227358,0.000000
P,e-puck(2),0.044124,0.300120,237.574195,0.000000
P,e-puck(2),0.043442,0.299220,238.161520,0.000000
P,e-puck(2),0.042786,0.298301,238.628867,0.000000
P,e-puck(2),0.042155,0.297367,238.968140,0.000000
P,e-puck(2),0.041550,0.296422,239.175570,0.000000
P,e-puck(2),0.040936,0.295486,239.483131,0.000000
P,e-puck(2),0.040333,0.294543,239.741891,0.000000
P,e-puck(2),0.039768,0.293572,239.741653,0.000000
P,e-puck(2),0.039116,0.292452,239.741444,0.000000
P,e-puck(2),0.038460,0.291326,239.741202,0.000000
P,e-puck(2),0.037799,0.290193,239.740977,0.000000
P,e-puck(2),0.037136,0.289055,239.740786,0.000000
P,e-puck(2),0.036471,0.287915,239.740624,0.000000
P,e-puck(2),0.035806,0.286775,239.740486,0.000000
P,e-puck(2),0.035141,0.285635,239.740363,0.000000
P,e-puck(2),0.034478,0.284499,239.740255,0.000000
P,e-puck(2),0.033819,0.283369,239.740160,0.000000
P,e-puck(2),0.033168,0.282253,239.740097,0.000000
P,e-puck(2),0.032526,0.281153,239.740068,0.000000
P,e-puck(2),0.031888,0.280060,239.740057,0.000000
P,e-puck(2),0.031254,0.278972,239.740055,0.000000
P,e-puck(2),0.030623,0.277890,239.740056,0.000000
P,e-puck(2),0.029993,0.276811,239.740053,0.000000
P,e-puck(2),0.029365,0.275735,239.740042,0.000000
P,e-puck(2),0.028737,0.274658,239.740020,0.000000
P,e-puck(2),0.028108,0.273580,239.739988,0.000000
P,e-puck(2),0.027478,0.272499,239.739950,0.000000
P,e-puck(2),0.026844,0.271414,239.739910,0.000000
P,e-puck(2),0.026208,0.270323,239.739875,0.000000
P,e-puck(2),0.025561,0.269215,239.739866,0.000000
P,e-puck(2),0.024897,0.268111,239.849241,0.000000
P,e-puck(2),0.024194,0.267032,240.263125,0.000000
P,e-puck(2),0.023596,0.266083,240.575353,0.000000
P,e-puck(2),0.023007,0.265140,240.893252,0.000000
P,e-puck(2),0.022438,0.264192,241.127996,0.000000
P,e-puck(2),0.021866,0.263253,241.429112,0.000000
P,e-puck(2),0.021316,0.262302,241.615703,0.000000
P,e-puck(2),0.020730,0.261373,242.079574,0.000000
P,e-puck(2),0.020215,0.260397,242.079546,0.000000
P,e-puck(2),0.019606,0.259247,242.079487,0.000000
P,e-puck(2),0.018993,0.258090,242.079342,0.000000
P,e-puck(2),0.018377,0.256926,242.079180,0.000000
P,e-puck(2),0.017759,0.255758,242.079027,0.000000
P,e-puck(2),0.017139,0.254588,242.078891,0.000000
P,e-puck(2),0.016519,0.253418,242.078770,0.000000
P,e-puck(2),0.015900,0.252251,242.078661,0.000000
P,e-puck(2),0.015284,0.251088,242.078567,0.000000
P,e-puck(2),0.014672,0.249932,242.078489,0.000000
P,e-puck(2),0.014075,0.248805,242.078468,0.000000
P,e-puck(2),0.013482,0.247686,242.078469,0.000000
P,e-puck(2),0.012892,0.246574,242.078484,0.000000
P,e-puck(2),0.012306,0.245468,242.078505,0.000000
P,e-puck(2),0.011723,0.244367,242.078525,0.000000
P,e-puck(2),0.011140,0.243268,242.078537,0.000000
P,e-puck(2),0.010558,0.242170,242.078537,0.000000
P,e-puck(2),0.009976,0.241070,242.078527,0.000000
P,e-puck(2),0.009391,0.239968,242.078509,0.000000
P,e-puck(2),0.008805,0.238861,242.078489,0.000000
P,e-puck(2),0.008210,0.237738,242.078490,0.000000
P,e-puck(2),0.007606,0.236599,242.078516,0.000000
P,e-puck(2),0.006999,0.235453,242.078550,0.000000
P,e-puck(2),0.006389,0.234303,242.078589,0.000000
P,e-puck(2),0.005777,0.233147,242.078626,0.000000
P,e-puck(2),0.005163,0.231989,242.078657,0.000000
P,e-puck(2),0.004549,0.230830,242.078679,0.000000
P,e-puck(2),0.003935,0.229671,242.078691,0.000000
P,e-puck(2),0.003321,0.228514,242.078695,0.000000
P,e-puck(2),0.002710,0.227361,242.078693,0.000000
P,e-puck(2),0.002101,0.226212,242.078691,0.000000
P,e-puck(2),0.001496,0.225069,242.078692,0.000000
P,e-puck(2),0.000893,0.223932,242.078701,0.000000
P,e-puck(2),0.000295,0.222803,242.078719,0.000000
P,e-puck(2),-0.000300,0.221680,242.078746,0.000000
P,e-puck(2),-0.000892,0.220563,242.078778,0.000000
P,e-puck(2),-0.001481,0.219452,242.078812,0.000000
P,e-puck(2),-0.002068,0.218345,242.078844,0.000000
P,e-puck(2),-0.002653,0.217241,242.078868,0.000000
P,e-puck(2),-0.003237,0.216138,242.078881,0.000000
P,e-puck(2),-0.003822,0.215035,242.078885,0.000000
P,e-puck(2),-0.004407,0.213930,242.078879,0.000000
P,e-puck(2),-0.004995,0.212821,242.078868,0.000000
P,e-puck(2),-0.005585,0.211708,242.078857,0.000000
P,e-puck(2),-0.006178,0.210588,242.078850,0.000000
P,e-puck(2),-0.006779,0.209455,242.078863,0.000000
P,e-puck(2),-0.007383,0.208316,242.078883,0.000000
P,e-puck(2),-0.007989,0.207171,242.078909,0.000000
P,e-puck(2),-0.008599,0.206021,242.078937,0.000000
P,e-puck(2),-0.009210,0.204867,242.078961,0.000000
P,e-puck(2),-0.009823,0.203711,242.078978,0.000000
P,e-puck(2),-0.010436,0.202553,242.078986,0.000000
P,e-puck(2),-0.011049,0.201397,242.078985,0.000000
P,e-puck(2),-0.011661,0.200243,242.078975,0.000000
P,e-puck(2),-0.012271,0.199092,242.078961,0.000000
P,e-puck(2),-0.012878,0.197946,242.078945,0.000000
P,e-puck(2),-0.013482,0.196806,242.078933,0.000000
P,e-puck(2),-0.014083,0.195672,242.078927,0.000000
P,e-puck(2),-0.014681,0.194544,242.078927,0.000000
P,e-puck(2),-0.015275,0.193422,242.078934,0.000000
P,e-puck(2),-0.015867,0.192307,242.078943,0.000000
P,e-puck(2),-0.016456,0.191195,242.078951,0.000000
P,e-puck(2),-0.017043,0.190088,242.078955,0.000000
P,e-puck(2),-0.017628,0.188982,242.078951,0.000000
P,e-puck(2),-0.018214,0.187878,242.078937,0.000000
P,e-puck(2),-0.018800,0.186772,242.078915,0.000000
P,e-puck(2),-0.019387,0.185664,242.078886,0.000000
P,e-puck(2),-0.019976,0.184552,242.078854,0.000000
P,e-puck(2),-0.020568,0.183435,242.078823,0.000000
P,e-puck(2),-0.021163,0.182312,242.078799,0.000000
P,e-puck(2),-0.021763,0.181180,242.078788,0.000000
P,e-puck(2),-0.022367,0.180041,242.078785,0.000000
P,e-puck(2),-0.022974,0.178896,242.078789,0.000000
P,e-puck(2),-0.023583,0.177747,242.078794,0.000000
P,e-puck(2),-0.024194,0.176593,242.078798,0.000000
P,e-puck(2),-0.024807,0.175437,242.078795,0.000000
P,e-puck(2),-0.025420,0.174279,242.078784,0.000000
P,e-puck(2),-0.026034,0.173122,242.078764,0.000000
P,e-puck(2),-0.026649,0.172548,242.078903,0.000000
P,e-puck(2),-0.027140,0.172188,242.078850,0.000000
P,e-puck(2),-0.027742,0.171524,242.078772,0.000000
P,e-puck(2),-0.028344,0.170774,242.078721,0.000000
P,e-puck(2),-0.028945,0.169676,242.078692,0.000000
P,e-puck(2),-0.029545,0.168543,242.078687,0.000000
P,e-puck(2),-0.030147,0.167407,242.078670,0.000000
P,e-puck(2),-0.030747,0.166563,242.078643,0.000000
P,e-puck(2),-0.031346,0.165433,242.078608,0.000000
P,e-puck(2),-0.031945,0.164302,242.078562,0.000000
P,e-puck(2),-0.032545,0.163179,242.078363,0.000000
P,e-puck(2),-0.033146,0.162043,242.078372,0.000000
P,e-puck(2),-0.033744,0.161001,242.078353,0.000000
P,e-puck(2),-0.034342,0.159956,242.078340,0.000000
P,e-puck(2),-0.034941,0.158897,242.078328,0.000000
P,e-puck(2),-0.035364,0.158135,242.076781,0.000000
P,e-puck(2),-0.035865,0.157176,242.091266,0.000000
P,e-puck(2),-0.036526,0.156675,241.686456,0.000000
P,e-puck(2),-0.037148,0.156614,241.100800,0.000000
P,e-puck(2),-0.037821,0.156506,240.414530,0.000000
P,e-puck(2),-0.038495,0.156338,239.934081,0.000000
P,e-puck(2),-0.039181,0.156170,239.485043,0.000000
P,e-puck(2),-0.039846,0.155897,239.334872,0.000000
P,e-puck(2),-0.040497,0.155355,239.336283,0.000000
P,e-puck(2),-0.041149,0.154641,239.337466,0.000000
P,e-puck(2),-0.041814,0.153662,239.333526,0.000000
P,e-puck(2),-0.042508,0.152561,239.333741,0.000000
P,e-puck(2),-0.043170,0.152015,239.334450,0.000000
P,e-puck(2),-0.043866,0.151674,239.291703,0.000000
P,e-puck(2),-0.044252,0.151510,239.312569,0.000000
P,e-puck(2),-0.045083,0.151389,239.314855,0.000000
P,e-puck(2),-0.045768,0.151315,239.315170,0.000000
P,e-puck(2),-0.046442,0.151340,239.315294,0.000000
P,e-puck(2),-0.047108,0.151239,239.315375,0.000000
P,e-puck(2),-0.047770,0.151091,239.315421,0.000000
P,e-puck(2),-0.048430,0.151123,239.315361,0.000000
P,e-puck(2),-0.049087,0.151217,239.315407,0.000000
P,e-puck(2),-0.049743,0.151273,239.315438,0.000000
P,e-puck(2),-0.050398,0.151281,239.315351,0.000000
P,e-puck(2),-0.051052,0.151538,239.315399,0.000000
P,e-puck(2),-0.051704,0.151555,239.315537,0.000000
P,e-puck(2),-0.052383,0.150704,239.315671,0.000000
P,e-puck(2),-0.052781,0.151352,239.313726,0.000000
P,e-puck(2),-0.053577,0.151121,239.314886,0.000000
P,e-puck(2),-0.054261,0.150975,239.315128,0.000000
P,e-puck(2),-0.054935,0.150853,239.315138,0.000000
P,e-puck(2),-0.055602,0.150860,239.315043,0.000000
P,e-puck(2),-0.056264,0.150837,239.315144,0.000000
P,e-puck(2),-0.056923,0.150869,239.315211,0.000000
P,e-puck(2),-0.057578,0.150742,239.315270,0.000000
P,e-puck(2),-0.058232,0.150571,239.315389,0.000000
P,e-puck(2),-0.058531,0.150388,239.311496,0.000000
P,e-puck(2),-0.059408,0.150136,239.314224,0.000000
P,e-puck(2),-0.060118,0.150421,239.280746,0.000000
P,e-puck(2),-0.060812,0.150782,239.230566,0.000000
P,e-puck(2),-0.061489,0.151144,239.230617,0.000000
P,e-puck(2),-0.062156,0.150951,239.230711,0.000000
P,e-puck(2),-0.062812,0.150444,239.231138,0.000000
P,e-puck(2),-0.064257,0.149307,238.541181,0.000000
P,e-puck(2),-0.063454,0.150331,238.143364,0.000000
P,e-puck(2),-0.064167,0.150451,238.558934,0.000000
P,e-puck(2),-0.064844,0.150499,238.561505,0.000000
P,e-puck(2),-0.065526,0.150864,238.563253,0.000000
P,e-puck(2),-0.066202,0.151197,238.564461,0.000000
P,e-puck(2),-0.066875,0.151517,238.565244,0.000000
P,e-puck(2),-0.067496,0.151961,239.263611,0.000000
P,e-puck(2),-0.068108,0.152362,239.890922,0.000000
P,e-puck(2),-0.068679,0.152771,241.019277,0.000000
P,e-puck(2),-0.069255,0.153052,241.771882,0.000000
P,e-puck(2),-0.069834,0.153281,242.273640,0.000000
P,e-puck(2),-0.070371,0.153670,243.548291,0.000000
P,e-puck(2),-0.070907,0.154021,244.398494,0.000000
P,e-puck(2),-0.071564,0.153591,244.965315,0.000000
P,e-puck(2),-0.071186,0.153198,245.772587,0.000000
P,e-puck(2),-0.072484,0.152553,245.782824,0.000000
P,e-puck(2),-0.072149,0.152138,246.374330,0.000000
P,e-puck(2),-0.073214,0.152133,246.129627,0.000000
P,e-puck(2),-0.073898,0.151619,245.542113,0.000000
P,e-puck(2),-0.073827,0.151834,245.560485,0.000000
P,e-puck(2),-0.074387,0.151875,245.459914,0.000000
P,e-puck(2),-0.074946,0.151332,245.205123,0.000000
P,e-puck(2),-0.075490,0.151347,245.212536,0.000000
P,e-puck(2),-0.076030,0.151602,245.217507,0.000000
P,e-puck(2),-0.076550,0.151875,246.161108,0.000000
P,e-puck(2),-0.076996,0.151843,247.603850,0.000000
P,e-puck(2),-0.075815,0.151230,250.285688,0.000000
P,e-puck(2),-0.077567,0.151540,251.750415,0.000000
P,e-puck(2),-0.077407,0.150938,253.577513,0.000000
P,e-puck(2),-0.078717,0.151047,253.921764,0.000000
P,e-puck(2),-0.078748,0.150186,254.086639,0.000000
P,e-puck(2),-0.079437,0.150406,254.318570,0.000000
P,e-puck(2),-0.080001,0.150723,254.449880,0.000000
P,e-puck(2),-0.080261,0.151016,254.466427,0.000000
P,e-puck(2),-0.080552,0.150425,254.477708,0.000000
P,e-puck(2),-0.080876,0.150152,254.746459,0.000000
P,e-puck(2),-0.081187,0.150206,254.751560,0.000000
P,e-puck(2),-0.081507,0.150283,254.755049,0.000000
P,e-puck(2),-0.081834,0.150178,254.757243,0.000000
P,e-puck(2),-0.082163,0.149480,254.758638,0.000000
P,e-puck(2),-0.082498,0.149283,254.759001,0.000000
P,e-puck(2),-0.082830,0.149008,254.759644,0.000000
P,e-puck(2),-0.083165,0.148716,254.760041,0.000000
P,e-puck(2),-0.083500,0.148596,254.838838,0.000000
P,e-puck(2),-0.083843,0.148537,254.837872,0.000000
P,e-puck(2),-0.084094,0.148779,254.837017,0.000000
P,e-puck(2),-0.084456,0.147859,254.837556,0.000000
P,e-puck(2),-0.084807,0.147560,254.837031,0.000000
P,e-puck(2),-0.085152,0.147413,254.837035,0.000000
P,e-puck(2),-0.085494,0.146929,254.836915,0.000000
P,e-puck(2),-0.085832,0.146960,254.836901,0.000000
P,e-puck(2),-0.086170,0.146879,254.836759,0.000000
P,e-puck(2),-0.086506,0.146760,254.836837,0.000000
P,e-puck(2),-0.086837,0.146883,254.820609,0.000000
P,e-puck(2),-0.087196,0.146899,255.612948,0.000000
P,e-puck(2),-0.087539,0.146817,256.192192,0.000000
P,e-puck(2),-0.087843,0.146761,256.192624,0.000000
P,e-puck(2),-0.088147,0.146258,256.191543,0.000000
P,e-puck(2),-0.088422,0.146396,255.610670,0.000000
P,e-puck(2),-0.088759,0.145862,255.521397,0.000000
P,e-puck(2),-0.089057,0.145941,255.523180,0.000000
P,e-puck(2),-0.089379,0.145998,255.524998,0.000000
P,e-puck(2),-0.089707,0.145765,255.757190,0.000000
P,e-puck(2),-0.090002,0.145575,255.757756,0.000000
P,e-puck(2),-0.090346,0.145343,256.395951,0.000000
P,e-puck(2),-0.090592,0.145279,256.304308,0.000000
P,e-puck(2),-0.090874,0.145244,255.848993,0.000000
P,e-puck(2),-0.091203,0.145281,256.110719,0.000000
P,e-puck(2),-0.091546,0.144892,256.794306,0.000000
P,e-puck(2),-0.091857,0.144767,257.270780,0.000000
P,e-puck(2),-0.092138,0.144149,257.271288,0.000000
P,e-puck(2),-0.092213,0.144454,257.040081,0.000000
P,e-puck(2),-0.092553,0.144694,257.984947,0.000000
P,e-puck(2),-0.092878,0.144830,258.906665,0.000000
P,e-puck(2),-0.092957,0.145114,259.930792,0.000000
P,e-puck(2),-0.092727,0.145356,260.832045,0.000000
P,e-puck(2),-0.092925,0.145736,261.806185,0.000000
P,e-puck(2),-0.093038,0.146046,261.832021,0.000000
P,e-puck(2),-0.092824,0.146266,262.167987,0.000000
P,e-puck(2),-0.092973,0.146400,262.747446,0.000000
P,e-puck(2),-0.092961,0.146012,263.181500,0.000000
P,e-puck(2),-0.092979,0.146368,263.096581,0.000000
P,e-puck(2),-0.093037,0.146096,263.174555,0.000000
P,e-puck(2),-0.093071,0.146339,263.032406,0.000000
P,e-puck(2),-0.093103,0.145789,263.270381,0.000000
P,e-puck(2),-0.092865,0.145661,264.274616,0.000000
P,e-puck(2),-0.092790,0.146488,264.153393,0.000000
P,e-puck(2),-0.092587,0.146960,264.134497,0.000000
P,e-puck(2),-0.092723,0.147278,264.211465,0.000000
P,e-puck(2),-0.092032,0.148000,264.310080,0.000000
P,e-puck(2),-0.091808,0.148103,264.709546,0.000000
P,e-puck(2),-0.091471,0.148044,264.731739,0.000000
P,e-puck(2),-0.091005,0.148222,265.150681,0.000000
P,e-puck(2),-0.090940,0.148559,265.340596,0.000000
P,e-puck(2),-0.091038,0.148114,265.278115,0.000000
P,e-puck(2),-0.091092,0.148573,265.174182,0.000000
P,e-puck(2),-0.091146,0.148673,265.070648,0.000000
P,e-puck(2),-0.091251,0.148647,264.991822,0.000000
P,e-puck(2),-0.091035,0.148593,264.218326,0.000000
P,e-puck(2),-0.090399,0.148689,261.237371,0.000000
P,e-puck(2),-0.090391,0.148413,261.021597,0.000000
P,e-puck(2),-0.090441,0.147512,261.395373,0.000000
P,e-puck(2),-0.090422,0.147953,261.761007,0.000000
P,e-puck(2),-0.090464,0.147244,262.086947,0.000000
P,e-puck(2),-0.091435,0.147824,261.452976,0.000000
P,e-puck(2),-0.090483,0.147238,261.257993,0.000000
P,e-puck(2),-0.089915,0.146770,262.196065,0.000000
P,e-puck(2),-0.089726,0.147228,262.484968,0.000000
P,e-puck(2),-0.089668,0.147026,262.973744,0.000000
P,e-puck(2),-0.089684,0.147446,262.778118,0.000000
P,e-puck(2),-0.089848,0.147615,262.803512,0.000000
P,e-puck(2),-0.090010,0.147516,262.820618,0.000000
P,e-puck(2),-0.090171,0.147174,262.831184,0.000000
P,e-puck(2),-0.090298,0.146623,262.693021,0.000000
P,e-puck(2),-0.090421,0.146218,262.496609,0.000000
P,e-puck(2),-0.090582,0.145811,262.541522,0.000000
P,e-puck(2),-0.090076,0.145618,262.621873,0.000000
P,e-puck(2),-0.090099,0.145184,262.773289,0.000000
P,e-puck(2),-0.089970,0.144627,262.862744,0.000000
P,e-puck(2),-0.089577,0.144283,262.906066,0.000000
P,e-puck(2),-0.089558,0.144035,263.222512,0.000000
P,e-puck(2),-0.089838,0.143973,264.719421,0.000000
P,e-puck(2),-0.089861,0.143976,266.459822,0.000000
P,e-puck(2),-0.090317,0.144373,269.283470,0.000000
P,e-puck(2),-0.090334,0.144555,271.533914,0.000000
P,e-puck(2),-0.090545,0.145399,273.108277,0.000000
P,e-puck(2),-0.090979,0.145465,275.931536,0.000000
P,e-puck(2),-0.091398,0.145487,278.583721,0.000000
P,e-puck(2),-0.091491,0.145770,281.117095,0.000000
P,e-puck(2),-0.091407,0.145690,283.744369,0.000000
P,e-puck(2),-0.091787,0.144383,285.470005,0.000000
P,e-puck(2),-0.091347,0.145409,285.786807,0.000000
P,e-puck(2),-0.091269,0.145582,287.084170,0.000000
P,e-puck(2),-0.091153,0.145133,288.213818,0.000000
P,e-puck(2),-0.091088,0.144388,289.289792,0.000000
P,e-puck(2),-0.090747,0.145126,289.903523,0.000000
P,e-puck(2),-0.090246,0.145396,291.128312,0.000000
P,e-puck(2),-0.089741,0.145618,291.118862,0.000000
P,e-puck(2),-0.089265,0.146344,291.116220,0.000000
P,e-puck(2),-0.089000,0.146109,290.755583,0.000000
P,e-puck(2),-0.088473,0.145796,291.381900,0.000000
P,e-puck(2),-0.088221,0.145678,291.944512,0.000000
P,e-puck(2),-0.088295,0.144877,292.549892,0.000000
P,e-puck(2),-0.088003,0.145992,292.441457,0.000000
P,e-puck(2),-0.087715,0.145977,293.305983,0.000000
P,e-puck(2),-0.087179,0.146696,293.258930,0.000000
P,e-puck(2),-0.086772,0.146292,294.192336,0.000000
P,e-puck(2),-0.086251,0.146819,293.212293,0.000000
P,e-puck(2),-0.085719,0.147638,292.845459,0.000000
P,e-puck(2),-0.084882,0.147327,292.770772,0.000000
P,e-puck(2),-0.084359,0.148266,293.229667,0.000000
P,e-puck(2),-0.083907,0.148746,293.226510,0.000000
P,e-puck(2),-0.083293,0.148718,293.641356,0.000000
P,e-puck(2),-0.083416,0.150397,293.269675,0.000000
P,e-puck(2),-0.082928,0.151229,293.267208,0.000000
P,e-puck(2),-0.082653,0.151206,293.267902,0.000000
P,e-puck(2),-0.082326,0.151088,293.260061,0.000000
P,e-puck(2),-0.082066,0.151805,293.260633,0.000000
P,e-puck(2),-0.081785,0.151755,293.254152,0.000000
P,e-puck(2),-0.081605,0.152274,293.255596,0.000000
P,e-puck(2),-0.081367,0.152305,293.250843,0.000000
P,e-puck(2),-0.080888,0.153035,293.250314,0.000000
P,e-puck(2),-0.080618,0.153346,293.250650,0.000000
P,e-puck(2),-0.080229,0.153381,293.768866,0.000000
P,e-puck(2),-0.080016,0.154055,293.770085,0.000000
P,e-puck(2),-0.079632,0.154726,293.527199,0.000000
P,e-puck(2),-0.079066,0.155331,293.525078,0.000000
P,e-puck(2),-0.078658,0.155872,293.524734,0.000000
P,e-puck(2),-0.078148,0.155622,293.560263,0.000000
P,e-puck(2),-0.077515,0.156660,293.559367,0.000000
P,e-puck(2),-0.077162,0.157578,293.559634,0.000000
P,e-puck(2),-0.076316,0.156908,293.559999,0.000000
P,e-puck(2),-0.076059,0.157522,293.558608,0.000000
P,e-puck(2),-0.075504,0.157929,293.558584,0.000000
P,e-puck(2),-0.075473,0.159625,293.564648,0.000000
P,e-puck(2),-0.074930,0.159711,293.710279,0.000000
P,e-puck(2),-0.074465,0.159969,293.710440,0.000000
P,e-puck(2),-0.073415,0.158749,293.558381,0.000000
P,e-puck(2),-0.073469,0.159894,293.852868,0.000000
P,e-puck(2),-0.073561,0.161140,294.208153,0.000000
P,e-puck(2),-0.072927,0.161034,294.635923,0.000000
P,e-puck(2),-0.072397,0.161253,294.633897,0.000000
P,e-puck(2),-0.072222,0.161068,294.636046,0.000000
P,e-puck(2),-0.071484,0.160711,295.537213,0.000000
P,e-puck(2),-0.071999,0.160770,295.624875,0.000000
P,e-puck(2),-0.070992,0.160500,295.866665,0.000000
P,e-puck(2),-0.071294,0.162040,296.235108,0.000000
P,e-puck(2),-0.071004,0.163662,296.232687,0.000000
P,e-puck(2),-0.070544,0.163748,296.428719,0.000000
P,e-puck(2),-0.070245,0.163299,296.810848,0.000000
P,e-puck(2),-0.069660,0.163657,296.807653,0.000000
P,e-puck(2),-0.069474,0.163965,296.561251,0.000000
P,e-puck(2),-0.068945,0.163963,296.546192,0.000000
P,e-puck(2),-0.068793,0.164902,296.826765,0.000000
P,e-puck(2),-0.068517,0.164617,296.829310,0.000000
P,e-puck(2),-0.068135,0.163485,296.207224,0.000000
P,e-puck(2),-0.066989,0.164580,296.135680,0.000000
P,e-puck(2),-0.067503,0.164965,297.368649,0.000000
P,e-puck(2),-0.066905,0.163736,297.128368,0.000000
P,e-puck(2),-0.066338,0.163765,296.738840,0.000000
P,e-puck(2),-0.065776,0.163497,296.553939,0.000000
P,e-puck(2),-0.065212,0.162932,296.150973,0.000000
P,e-puck(2),-0.064776,0.163024,296.154887,0.000000
P,e-puck(2),-0.064869,0.163941,296.140400,0.000000
P,e-puck(2),-0.064548,0.163580,296.293991,0.000000
P,e-puck(2),-0.064006,0.164391,295.796772,0.000000
P,e-puck(2),-0.063523,0.163776,295.495843,0.000000
P,e-puck(2),-0.063140,0.163652,295.396984,0.000000
P,e-puck(2),-0.062536,0.163878,295.255411,0.000000
P,e-puck(2),-0.062232,0.163624,295.634816,0.000000
P,e-puck(2),-0.062519,0.162144,295.594691,0.000000
P,e-puck(2),-0.061466,0.163139,295.616440,0.000000
P,e-puck(2),-0.061036,0.162627,296.501563,0.000000
P,e-puck(2),-0.060753,0.160728,296.644346,0.000000
P,e-puck(2),-0.060607,0.162069,296.644063,0.000000
P,e-puck(2),-0.059821,0.161122,296.645781,0.000000
P,e-puck(2),-0.060032,0.162906,297.030056,0.000000
P,e-puck(2),-0.059382,0.162822,297.563649,0.000000
P,e-puck(2),-0.058759,0.162249,297.559800,0.000000
P,e-puck(2),-0.058226,0.161872,297.558664,0.000000
P,e-puck(2),-0.057617,0.162364,297.555754,0.000000
P,e-puck(2),-0.057014,0.161565,297.555286,0.000000
P,e-puck(2),-0.056144,0.161667,297.553172,0.000000
P,e-puck(2),-0.055935,0.161350,297.669899,0.000000
P,e-puck(2),-0.055306,0.161593,297.665819,0.000000
P,e-puck(2),-0.055085,0.161262,297.903840,0.000000
P,e-puck(2),-0.055198,0.161058,297.999454,0.000000
P,e-puck(2),-0.054872,0.161029,298.000021,0.000000
P,e-puck(2),-0.054282,0.159734,297.965490,0.000000
P,e-puck(2),-0.053765,0.160337,298.290072,0.000000
P,e-puck(2),-0.053908,0.161896,298.687804,0.000000
P,e-puck(2),-0.053283,0.161840,299.205206,0.000000
P,e-puck(2),-0.052673,0.161389,299.202056,0.000000
P,e-puck(2),-0.052052,0.160773,299.186702,0.000000
P,e-puck(2),-0.051434,0.160876,299.184709,0.000000
P,e-puck(2),-0.051401,0.159281,299.564766,0.000000
P,e-puck(2),-0.050912,0.160309,299.574452,0.000000
P,e-puck(2),-0.050271,0.160587,299.573428,0.000000
P,e-puck(2),-0.049511,0.160167,299.573206,0.000000
P,e-puck(2),-0.048916,0.160282,299.571684,0.000000
P,e-puck(2),-0.048252,0.159493,299.571519,0.000000
P,e-puck(2),-0.047588,0.160169,299.570290,0.000000
P,e-puck(2),-0.046947,0.159827,299.570050,0.000000
P,e-puck(2),-0.046210,0.159146,299.569354,0.000000
P,e-puck(2),-0.045691,0.158924,299.569640,0.000000
P,e-puck(2),-0.044697,0.157957,300.319754,0.000000
P,e-puck(2),-0.044512,0.158489,300.313422,0.000000
P,e-puck(2),-0.045244,0.157310,300.557251,0.000000
P,e-puck(2),-0.044272,0.157986,300.542438,0.000000
P,e-puck(2),-0.043512,0.157694,300.540157,0.000000
P,e-puck(2),-0.042805,0.158700,300.412314,0.000000
P,e-puck(2),-0.042150,0.158831,300.406393,0.000000
P,e-puck(2),-0.041535,0.159002,300.003121,0.000000
P,e-puck(2),-0.041208,0.158928,299.821376,0.000000
P,e-puck(2),-0.040297,0.158585,299.734178,0.000000
P,e-puck(2),-0.039692,0.158551,299.731222,0.000000
P,e-puck(2),-0.038897,0.158380,300.356218,0.000000
P,e-puck(2),-0.038515,0.159368,301.064859,0.000000
P,e-puck(2),-0.037775,0.158592,301.062386,0.000000
P,e-puck(2),-0.036123,0.158359,299.370680,0.000000
P,e-puck(2),-0.035435,0.157629,299.378020,0.000000
P,e-puck(2),-0.034823,0.157421,299.296083,0.000000
P,e-puck(2),-0.034225,0.157155,299.291654,0.000000
P,e-puck(2),-0.033502,0.156056,299.236482,0.000000
P,e-puck(2),-0.032962,0.155424,299.234466,0.000000
P,e-puck(2),-0.032611,0.155086,299.239055,0.000000
P,e-puck(2),-0.031684,0.154183,299.423921,0.000000
P,e-puck(2),-0.031379,0.155490,299.427062,0.000000
P,e-puck(2),-0.030691,0.153534,300.065421,0.000000
P,e-puck(2),-0.030177,0.154486,299.542455,0.000000
P,e-puck(2),-0.029548,0.154453,299.541522,0.000000
P,e-puck(2),-0.028420,0.153737,299.120715,0.000000
P,e-puck(2),-0.027784,0.153330,298.626492,0.000000
P,e-puck(2),-0.027092,0.153064,298.350775,0.000000
P,e-puck(2),-0.026241,0.151945,298.099848,0.000000
P,e-puck(2),-0.025823,0.152467,298.049256,0.000000
P,e-puck(2),-0.025252,0.151402,298.245388,0.000000
P,e-puck(2),-0.024889,0.152358,298.249066,0.000000
P,e-puck(2),-0.023199,0.151724,297.012126,0.000000
P,e-puck(2),-0.021467,0.151270,296.195328,0.000000
P,e-puck(2),-0.021676,0.150657,296.307730,0.000000
P,e-puck(2),-0.020280,0.151013,295.706240,0.000000
P,e-puck(2),-0.019742,0.149736,295.290361,0.000000
P,e-puck(2),-0.018612,0.149984,295.175961,0.000000
P,e-puck(2),-0.017722,0.150020,294.717838,0.000000
P,e-puck(2),-0.016935,0.149653,294.626198,0.000000
P,e-puck(2),-0.016668,0.149897,294.766604,0.000000
P,e-puck(2),-0.015872,0.149212,294.759237,0.000000
P,e-puck(2),-0.014662,0.147705,294.762505,0.000000
P,e-puck(2),-0.013522,0.147610,294.662720,0.000000
P,e-puck(2),-0.013321,0.145886,293.497506,0.000000
P,e-puck(2),-0.012073,0.146766,292.545221,0.000000
P,e-puck(2),-0.011315,0.147411,291.641777,0.000000
P,e-puck(2),-0.010744,0.147664,291.182062,0.000000
P,e-puck(2),-0.010183,0.147488,291.160203,0.000000
P,e-puck(2),-0.009654,0.147608,291.147351,0.000000
P,e-puck(2),-0.009177,0.147754,291.138849,0.000000
P,e-puck(2),-0.008705,0.147850,291.133696,0.000000
P,e-puck(2),-0.008230,0.148264,291.130726,0.000000
P,e-puck(2),-0.007767,0.148891,291.128822,0.000000
P,e-puck(2),-0.007304,0.149696,291.127661,0.000000
P,e-puck(2),-0.006842,0.150789,291.126994,0.000000
P,e-puck(2),-0.006380,0.151820,291.126651,0.000000
P,e-puck(2),-0.005918,0.152759,291.126549,0.000000
P,e-puck(2),-0.005457,0.153611,291.126561,0.000000
P,e-puck(2),-0.004995,0.154386,291.127800,0.000000
P,e-puck(2),-0.004533,0.155089,291.127862,0.000000
P,e-puck(2),-0.003976,0.155791,291.174389,0.000000
P,e-puck(2),-0.002989,0.155537,291.290899,0.000000
P,e-puck(2),-0.001933,0.154909,291.327052,0.000000
P,e-puck(2),-0.001443,0.154651,291.335065,0.000000
P,e-puck(2),-0.001210,0.155134,291.337827,0.000000
P,e-puck(2),-0.000013,0.154196,290.901788,0.000000
P,e-puck(2),0.000479,0.153725,290.899284,0.000000
P,e-puck(2),0.000956,0.153660,290.897731,0.000000
P,e-puck(2),0.001424,0.152846,290.897292,0.000000
P,e-puck(2),0.001891,0.152321,290.936743,0.000000
P,e-puck(2),0.002352,0.151770,290.936681,0.000000
P,e-puck(2),0.002812,0.151258,290.936662,0.000000
P,e-puck(2),0.003272,0.150665,290.936684,0.000000
P,e-puck(2),0.003941,0.150416,291.038740,0.000000
P,e-puck(2),0.004621,0.150087,291.345850,0.000000
P,e-puck(2),0.005487,0.149834,290.997498,0.000000
P,e-puck(2),0.006089,0.149495,291.384016,0.000000
P,e-puck(2),0.006573,0.149536,291.962452,0.000000
P,e-puck(2),0.006206,0.148569,290.451381,0.000000
P,e-puck(2),0.007708,0.149167,290.057915,0.000000
P,e-puck(2),0.008865,0.148933,289.245707,0.000000
P,e-puck(2),0.008688,0.149473,288.166275,0.000000
P,e-puck(2),0.009367,0.149769,287.788784,0.000000
P,e-puck(2),0.009863,0.148387,288.583069,0.000000
P,e-puck(2),0.010142,0.148426,288.887565,0.000000
P,e-puck(2),0.010495,0.148556,289.341429,0.000000
P,e-puck(2),0.010716,0.148918,289.338880,0.000000
P,e-puck(2),0.011402,0.148487,289.828305,0.000000
P,e-puck(2),0.012150,0.148602,289.795036,0.000000
P,e-puck(2),0.012665,0.148050,290.181914,0.000000
P,e-puck(2),0.012952,0.147415,291.121791,0.000000
P,e-puck(2),0.013054,0.147118,292.817251,0.000000
P,e-puck(2),0.012995,0.146668,294.923150,0.000000
P,e-puck(2),0.012739,0.146720,297.471012,0.000000
P,e-puck(2),0.013725,0.146594,300.019701,0.000000
P,e-puck(2),0.014382,0.146227,302.722717,0.000000
P,e-puck(2),0.014233,0.145951,305.547620,0.000000
P,e-puck(2),0.013528,0.145276,308.519388,0.000000
P,e-puck(2),0.013436,0.145675,310.311547,0.000000
P,e-puck(2),0.013447,0.145643,313.128462,0.000000
P,e-puck(2),0.014201,0.145394,315.710930,0.000000
P,e-puck(2),0.014168,0.145048,318.355862,0.000000
P,e-puck(2),0.014098,0.144716,320.950095,0.000000
P,e-puck(2),0.014317,0.144350,323.603719,0.000000
P,e-puck(2),0.014967,0.143955,326.298606,0.000000
P,e-puck(2),0.015336,0.143564,328.957729,0.000000
P,e-puck(2),0.015280,0.143242,331.528296,0.000000
P,e-puck(2),0.015645,0.142814,334.047985,0.000000
P,e-puck(2),0.016031,0.142441,336.617329,0.000000
P,e-puck(2),0.016159,0.142045,339.310621,0.000000
P,e-puck(2),0.017168,0.141562,341.909840,0.000000
P,e-puck(2),0.017882,0.141169,344.524670,0.000000
P,e-puck(2),0.017966,0.140754,347.217075,0.000000
P,e-puck(2),0.018127,0.140283,350.032391,0.000000
P,e-puck(2),0.018100,0.139858,352.738154,0.000000
P,e-puck(2),0.018195,0.139492,355.157714,0.000000
P,e-puck(2),0.018784,0.139081,357.446493,0.000000
P,e-puck(2),0.019910,0.138736,359.522473,0.000000
P,e-puck(2),0.019957,0.138296,2.218447,0.000000
P,e-puck(2),0.020211,0.137895,4.707153,0.000000
P,e-puck(2),0.021406,0.137468,7.313733,0.000000
P,e-puck(2),0.022300,0.137042,9.927862,0.000000
P,e-puck(2),0.023485,0.136623,12.516590,0.000000
P,e-puck(2),0.023687,0.136206,15.134070,0.000000
P,e-puck(2),0.024257,0.135812,17.953648,0.000000
P,e-puck(2),0.024166,0.135070,18.854080,0.000000
